-1.6 -1.6 0.2 0.2 0.23750000000000002 0.0
-1.6 -1.4000000000000001 0.2 0.2 0.265625 0.0
-1.6 -1.2000000000000002 0.2 0.2 0.290625 0.0
-1.6 -1.0 0.2 0.2 0.30937500000000007 0.0
-1.6 -0.8 0.2 0.2 0.31562500000000004 0.0
-1.6 -0.6000000000000001 0.2 0.2 0.3125 0.0
-1.6 -0.3999999999999999 0.2 0.2 0.3125 0.0
-1.6 -0.19999999999999996 0.2 0.2 0.30937500000000007 0.0
-1.6 0.0 0.2 0.2 0.303125 0.0
-1.6 0.19999999999999996 0.2 0.2 0.29375000000000007 0.0
-1.6 0.3999999999999999 0.2 0.2 0.271875 0.0
-1.6 0.6000000000000001 0.2 0.2 0.24687499999999998 0.0
-1.6 0.8000000000000003 0.2 0.2 0.2125 0.0
-1.6 1.0 0.2 0.2 0.17500000000000002 0.0
-1.6 1.2000000000000002 0.2 0.2 0.134375 0.0
-1.6 1.4 0.2 0.2 0.1 0.0
-1.4000000000000001 -1.6 0.2 0.2 0.23124999999999998 0.0
-1.4000000000000001 -1.4000000000000001 0.2 0.2 0.25625 0.0
-1.4000000000000001 -1.2000000000000002 0.2 0.2 0.27812500000000007 0.0
-1.4000000000000001 -1.0 0.2 0.2 0.290625 0.0
-1.4000000000000001 -0.8 0.2 0.2 0.290625 0.0
-1.4000000000000001 -0.6000000000000001 0.2 0.2 0.28437500000000004 0.0
-1.4000000000000001 -0.3999999999999999 0.2 0.2 0.27812500000000007 0.0
-1.4000000000000001 -0.19999999999999996 0.2 0.2 0.275 0.0
-1.4000000000000001 0.0 0.2 0.2 0.271875 0.0
-1.4000000000000001 0.19999999999999996 0.2 0.2 0.26250000000000007 0.0
-1.4000000000000001 0.3999999999999999 0.2 0.2 0.24687499999999998 0.0
-1.4000000000000001 0.6000000000000001 0.2 0.2 0.228125 0.0
-1.4000000000000001 0.8000000000000003 0.2 0.2 0.19999999999999998 0.0
-1.4000000000000001 1.0 0.2 0.2 0.16874999999999998 0.0
-1.4000000000000001 1.2000000000000002 0.2 0.2 0.134375 0.0
-1.4000000000000001 1.4 0.2 0.2 0.1 0.0
-1.2000000000000002 -1.6 0.2 0.2 0.21562499999999998 0.0
-1.2000000000000002 -1.4000000000000001 0.2 0.2 0.23437499999999997 0.0
-1.2000000000000002 -1.2000000000000002 0.2 0.2 0.24999999999999997 0.0
-1.2000000000000002 -1.0 0.2 0.2 0.25625 0.0
-1.2000000000000002 -0.8 0.2 0.2 0.25312500000000004 0.0
-1.2000000000000002 -0.6000000000000001 0.2 0.2 0.240625 0.0
-1.2000000000000002 -0.3999999999999999 0.2 0.2 0.23750000000000002 0.0
-1.2000000000000002 -0.19999999999999996 0.2 0.2 0.23437499999999997 0.0
-1.2000000000000002 0.0 0.2 0.2 0.23437499999999997 0.0
-1.2000000000000002 0.19999999999999996 0.2 0.2 0.23124999999999998 0.0
-1.2000000000000002 0.3999999999999999 0.2 0.2 0.22187500000000002 0.0
-1.2000000000000002 0.6000000000000001 0.2 0.2 0.209375 0.0
-1.2000000000000002 0.8000000000000003 0.2 0.2 0.19062500000000002 0.0
-1.2000000000000002 1.0 0.2 0.2 0.16874999999999998 0.0
-1.2000000000000002 1.2000000000000002 0.2 0.2 0.14062499999999997 0.0
-1.2000000000000002 1.4 0.2 0.2 0.10937499999999997 0.0
-1.0 -1.6 0.2 0.2 0.196875 0.0
-1.0 -1.4000000000000001 0.2 0.2 0.209375 0.0
-1.0 -1.2000000000000002 0.2 0.2 0.21874999999999997 0.0
-1.0 -1.0 0.2 0.2 0.21874999999999997 0.0
-1.0 -0.8 0.2 0.2 0.209375 0.0
-1.0 -0.6000000000000001 0.2 0.2 0.19375 0.0
-1.0 -0.3999999999999999 0.2 0.2 0.19062500000000002 0.0
-1.0 -0.19999999999999996 0.2 0.2 0.19062500000000002 0.0
-1.0 0.0 0.2 0.2 0.19375 0.0
-1.0 0.19999999999999996 0.2 0.2 0.19999999999999998 0.0
-1.0 0.3999999999999999 0.2 0.2 0.19999999999999998 0.0
-1.0 0.6000000000000001 0.2 0.2 0.196875 0.0
-1.0 0.8000000000000003 0.2 0.2 0.18749999999999997 0.0
-1.0 1.0 0.2 0.2 0.17187499999999997 0.0
-1.0 1.2000000000000002 0.2 0.2 0.15 0.0
-1.0 1.4 0.2 0.2 0.12187499999999998 0.0
-0.8 -1.6 0.2 0.2 0.18125 0.0
-0.8 -1.4000000000000001 0.2 0.2 0.18749999999999997 0.0
-0.8 -1.2000000000000002 0.2 0.2 0.18437499999999998 0.0
-0.8 -1.0 0.2 0.2 0.178125 0.0
-0.8 -0.8 0.2 0.2 0.165625 0.0
-0.8 -0.6000000000000001 0.2 0.2 0.15 0.0
-0.8 -0.3999999999999999 0.2 0.2 0.15 0.0
-0.8 -0.19999999999999996 0.2 0.2 0.15312499999999998 0.0
-0.8 0.0 0.2 0.2 0.165625 0.0
-0.8 0.19999999999999996 0.2 0.2 0.17500000000000002 0.0
-0.8 0.3999999999999999 0.2 0.2 0.18749999999999997 0.0
-0.8 0.6000000000000001 0.2 0.2 0.19062500000000002 0.0
-0.8 0.8000000000000003 0.2 0.2 0.19062500000000002 0.0
-0.8 1.0 0.2 0.2 0.18437499999999998 0.0
-0.8 1.2000000000000002 0.2 0.2 0.165625 0.0
-0.8 1.4 0.2 0.2 0.14062499999999997 0.0
-0.6000000000000001 -1.6 0.2 0.2 0.17500000000000002 0.0
-0.6000000000000001 -1.4000000000000001 0.2 0.2 0.17187499999999997 0.0
-0.6000000000000001 -1.2000000000000002 0.2 0.2 0.1625 0.0
-0.6000000000000001 -1.0 0.2 0.2 0.15312499999999998 0.0
-0.6000000000000001 -0.8 0.2 0.2 0.13749999999999998 0.0
-0.6000000000000001 -0.6000000000000001 0.2 0.2 0.12187499999999998 0.0
-0.6000000000000001 -0.3999999999999999 0.2 0.2 0.12187499999999998 0.0
-0.6000000000000001 -0.19999999999999996 0.2 0.2 0.13125 0.0
-0.6000000000000001 0.0 0.2 0.2 0.15 0.0
-0.6000000000000001 0.19999999999999996 0.2 0.2 0.16874999999999998 0.0
-0.6000000000000001 0.3999999999999999 0.2 0.2 0.18437499999999998 0.0
-0.6000000000000001 0.6000000000000001 0.2 0.2 0.196875 0.0
-0.6000000000000001 0.8000000000000003 0.2 0.2 0.20312499999999997 0.0
-0.6000000000000001 1.0 0.2 0.2 0.19999999999999998 0.0
-0.6000000000000001 1.2000000000000002 0.2 0.2 0.18749999999999997 0.0
-0.6000000000000001 1.4 0.2 0.2 0.1625 0.0
-0.3999999999999999 -1.6 0.2 0.2 0.17500000000000002 0.0
-0.3999999999999999 -1.4000000000000001 0.2 0.2 0.165625 0.0
-0.3999999999999999 -1.2000000000000002 0.2 0.2 0.15312499999999998 0.0
-0.3999999999999999 -1.0 0.2 0.2 0.14062499999999997 0.0
-0.3999999999999999 -0.8 0.2 0.2 0.12187499999999998 0.0
-0.3999999999999999 -0.6000000000000001 0.2 0.2 0.10624999999999998 0.0
-0.3999999999999999 -0.3999999999999999 0.2 0.2 0.10937499999999997 0.0
-0.3999999999999999 -0.19999999999999996 0.2 0.2 0.12499999999999997 0.0
-0.3999999999999999 0.0 0.2 0.2 0.14375000000000002 0.0
-0.3999999999999999 0.19999999999999996 0.2 0.2 0.16874999999999998 0.0
-0.3999999999999999 0.3999999999999999 0.2 0.2 0.19062500000000002 0.0
-0.3999999999999999 0.6000000000000001 0.2 0.2 0.209375 0.0
-0.3999999999999999 0.8000000000000003 0.2 0.2 0.22187500000000002 0.0
-0.3999999999999999 1.0 0.2 0.2 0.22187500000000002 0.0
-0.3999999999999999 1.2000000000000002 0.2 0.2 0.2125 0.0
-0.3999999999999999 1.4 0.2 0.2 0.18749999999999997 0.0
-0.19999999999999996 -1.6 0.2 0.2 0.18125 0.0
-0.19999999999999996 -1.4000000000000001 0.2 0.2 0.16874999999999998 0.0
-0.19999999999999996 -1.2000000000000002 0.2 0.2 0.15624999999999997 0.0
-0.19999999999999996 -1.0 0.2 0.2 0.13749999999999998 0.0
-0.19999999999999996 -0.8 0.2 0.2 0.11875 0.0
-0.19999999999999996 -0.6000000000000001 0.2 0.2 0.10624999999999998 0.0
-0.19999999999999996 -0.3999999999999999 0.2 0.2 0.10937499999999997 0.0
-0.19999999999999996 -0.19999999999999996 0.2 0.2 0.13125 0.0
-0.19999999999999996 0.0 0.2 0.2 0.146875 0.0
-0.19999999999999996 0.19999999999999996 0.2 0.2 0.17500000000000002 0.0
-0.19999999999999996 0.3999999999999999 0.2 0.2 0.20312499999999997 0.0
-0.19999999999999996 0.6000000000000001 0.2 0.2 0.225 0.0
-0.19999999999999996 0.8000000000000003 0.2 0.2 0.23750000000000002 0.0
-0.19999999999999996 1.0 0.2 0.2 0.240625 0.0
-0.19999999999999996 1.2000000000000002 0.2 0.2 0.23124999999999998 0.0
-0.19999999999999996 1.4 0.2 0.2 0.209375 0.0
0.0 -1.6 0.2 0.2 0.18749999999999997 0.0
0.0 -1.4000000000000001 0.2 0.2 0.178125 0.0
0.0 -1.2000000000000002 0.2 0.2 0.165625 0.0
0.0 -1.0 0.2 0.2 0.146875 0.0
0.0 -0.8 0.2 0.2 0.12812500000000002 0.0
0.0 -0.6000000000000001 0.2 0.2 0.11250000000000002 0.0
0.0 -0.3999999999999999 0.2 0.2 0.115625 0.0
0.0 -0.19999999999999996 0.2 0.2 0.13749999999999998 0.0
0.0 0.0 0.2 0.2 0.15 0.0
0.0 0.19999999999999996 0.2 0.2 0.18749999999999997 0.0
0.0 0.3999999999999999 0.2 0.2 0.21562499999999998 0.0
0.0 0.6000000000000001 0.2 0.2 0.23750000000000002 0.0
0.0 0.8000000000000003 0.2 0.2 0.25312500000000004 0.0
0.0 1.0 0.2 0.2 0.25625 0.0
0.0 1.2000000000000002 0.2 0.2 0.24687499999999998 0.0
0.0 1.4 0.2 0.2 0.22187500000000002 0.0
0.19999999999999996 -1.6 0.2 0.2 0.19999999999999998 0.0
0.19999999999999996 -1.4000000000000001 0.2 0.2 0.19062500000000002 0.0
0.19999999999999996 -1.2000000000000002 0.2 0.2 0.178125 0.0
0.19999999999999996 -1.0 0.2 0.2 0.15937500000000002 0.0
0.19999999999999996 -0.8 0.2 0.2 0.14062499999999997 0.0
0.19999999999999996 -0.6000000000000001 0.2 0.2 0.12499999999999997 0.0
0.19999999999999996 -0.3999999999999999 0.2 0.2 0.12812500000000002 0.0
0.19999999999999996 -0.19999999999999996 0.2 0.2 0.14375000000000002 0.0
0.19999999999999996 0.0 0.2 0.2 0.16874999999999998 0.0
0.19999999999999996 0.19999999999999996 0.2 0.2 0.196875 0.0
0.19999999999999996 0.3999999999999999 0.2 0.2 0.225 0.0
0.19999999999999996 0.6000000000000001 0.2 0.2 0.24687499999999998 0.0
0.19999999999999996 0.8000000000000003 0.2 0.2 0.26250000000000007 0.0
0.19999999999999996 1.0 0.2 0.2 0.265625 0.0
0.19999999999999996 1.2000000000000002 0.2 0.2 0.25312500000000004 0.0
0.19999999999999996 1.4 0.2 0.2 0.228125 0.0
0.3999999999999999 -1.6 0.2 0.2 0.2125 0.0
0.3999999999999999 -1.4000000000000001 0.2 0.2 0.20625000000000002 0.0
0.3999999999999999 -1.2000000000000002 0.2 0.2 0.19375 0.0
0.3999999999999999 -1.0 0.2 0.2 0.17500000000000002 0.0
0.3999999999999999 -0.8 0.2 0.2 0.15624999999999997 0.0
0.3999999999999999 -0.6000000000000001 0.2 0.2 0.14062499999999997 0.0
0.3999999999999999 -0.3999999999999999 0.2 0.2 0.14375000000000002 0.0
0.3999999999999999 -0.19999999999999996 0.2 0.2 0.15624999999999997 0.0
0.3999999999999999 0.0 0.2 0.2 0.18125 0.0
0.3999999999999999 0.19999999999999996 0.2 0.2 0.20625000000000002 0.0
0.3999999999999999 0.3999999999999999 0.2 0.2 0.23124999999999998 0.0
0.3999999999999999 0.6000000000000001 0.2 0.2 0.25312500000000004 0.0
0.3999999999999999 0.8000000000000003 0.2 0.2 0.265625 0.0
0.3999999999999999 1.0 0.2 0.2 0.265625 0.0
0.3999999999999999 1.2000000000000002 0.2 0.2 0.25312500000000004 0.0
0.3999999999999999 1.4 0.2 0.2 0.228125 0.0
0.6000000000000001 -1.6 0.2 0.2 0.225 0.0
0.6000000000000001 -1.4000000000000001 0.2 0.2 0.22187500000000002 0.0
0.6000000000000001 -1.2000000000000002 0.2 0.2 0.209375 0.0
0.6000000000000001 -1.0 0.2 0.2 0.19062500000000002 0.0
0.6000000000000001 -0.8 0.2 0.2 0.17187499999999997 0.0
0.6000000000000001 -0.6000000000000001 0.2 0.2 0.15312499999999998 0.0
0.6000000000000001 -0.3999999999999999 0.2 0.2 0.15624999999999997 0.0
0.6000000000000001 -0.19999999999999996 0.2 0.2 0.16874999999999998 0.0
0.6000000000000001 0.0 0.2 0.2 0.19062500000000002 0.0
0.6000000000000001 0.19999999999999996 0.2 0.2 0.2125 0.0
0.6000000000000001 0.3999999999999999 0.2 0.2 0.23437499999999997 0.0
0.6000000000000001 0.6000000000000001 0.2 0.2 0.25312500000000004 0.0
0.6000000000000001 0.8000000000000003 0.2 0.2 0.259375 0.0
0.6000000000000001 1.0 0.2 0.2 0.259375 0.0
0.6000000000000001 1.2000000000000002 0.2 0.2 0.24375 0.0
0.6000000000000001 1.4 0.2 0.2 0.21874999999999997 0.0
0.8000000000000003 -1.6 0.2 0.2 0.23437499999999997 0.0
0.8000000000000003 -1.4000000000000001 0.2 0.2 0.23124999999999998 0.0
0.8000000000000003 -1.2000000000000002 0.2 0.2 0.22187500000000002 0.0
0.8000000000000003 -1.0 0.2 0.2 0.20312499999999997 0.0
0.8000000000000003 -0.8 0.2 0.2 0.18125 0.0
0.8000000000000003 -0.6000000000000001 0.2 0.2 0.165625 0.0
0.8000000000000003 -0.3999999999999999 0.2 0.2 0.165625 0.0
0.8000000000000003 -0.19999999999999996 0.2 0.2 0.17500000000000002 0.0
0.8000000000000003 0.0 0.2 0.2 0.19375 0.0
0.8000000000000003 0.19999999999999996 0.2 0.2 0.2125 0.0
0.8000000000000003 0.3999999999999999 0.2 0.2 0.23124999999999998 0.0
0.8000000000000003 0.6000000000000001 0.2 0.2 0.24375 0.0
0.8000000000000003 0.8000000000000003 0.2 0.2 0.24999999999999997 0.0
0.8000000000000003 1.0 0.2 0.2 0.24687499999999998 0.0
0.8000000000000003 1.2000000000000002 0.2 0.2 0.23124999999999998 0.0
0.8000000000000003 1.4 0.2 0.2 0.19999999999999998 0.0
1.0 -1.6 0.2 0.2 0.24375 0.0
1.0 -1.4000000000000001 0.2 0.2 0.240625 0.0
1.0 -1.2000000000000002 0.2 0.2 0.228125 0.0
1.0 -1.0 0.2 0.2 0.20625000000000002 0.0
1.0 -0.8 0.2 0.2 0.18437499999999998 0.0
1.0 -0.6000000000000001 0.2 0.2 0.16874999999999998 0.0
1.0 -0.3999999999999999 0.2 0.2 0.165625 0.0
1.0 -0.19999999999999996 0.2 0.2 0.17500000000000002 0.0
1.0 0.0 0.2 0.2 0.19062500000000002 0.0
1.0 0.19999999999999996 0.2 0.2 0.209375 0.0
1.0 0.3999999999999999 0.2 0.2 0.225 0.0
1.0 0.6000000000000001 0.2 0.2 0.23437499999999997 0.0
1.0 0.8000000000000003 0.2 0.2 0.23750000000000002 0.0
1.0 1.0 0.2 0.2 0.228125 0.0
1.0 1.2000000000000002 0.2 0.2 0.2125 0.0
1.0 1.4 0.2 0.2 0.18125 0.0
1.2000000000000002 -1.6 0.2 0.2 0.24687499999999998 0.0
1.2000000000000002 -1.4000000000000001 0.2 0.2 0.23750000000000002 0.0
1.2000000000000002 -1.2000000000000002 0.2 0.2 0.22187500000000002 0.0
1.2000000000000002 -1.0 0.2 0.2 0.20312499999999997 0.0
1.2000000000000002 -0.8 0.2 0.2 0.178125 0.0
1.2000000000000002 -0.6000000000000001 0.2 0.2 0.15937500000000002 0.0
1.2000000000000002 -0.3999999999999999 0.2 0.2 0.15937500000000002 0.0
1.2000000000000002 -0.19999999999999996 0.2 0.2 0.165625 0.0
1.2000000000000002 0.0 0.2 0.2 0.18125 0.0
1.2000000000000002 0.19999999999999996 0.2 0.2 0.196875 0.0
1.2000000000000002 0.3999999999999999 0.2 0.2 0.209375 0.0
1.2000000000000002 0.6000000000000001 0.2 0.2 0.21874999999999997 0.0
1.2000000000000002 0.8000000000000003 0.2 0.2 0.21874999999999997 0.0
1.2000000000000002 1.0 0.2 0.2 0.2125 0.0
1.2000000000000002 1.2000000000000002 0.2 0.2 0.19375 0.0
1.2000000000000002 1.4 0.2 0.2 0.1625 0.0
1.4 -1.6 0.2 0.2 0.240625 0.0
1.4 -1.4000000000000001 0.2 0.2 0.228125 0.0
1.4 -1.2000000000000002 0.2 0.2 0.20625000000000002 0.0
1.4 -1.0 0.2 0.2 0.18125 0.0
1.4 -0.8 0.2 0.2 0.15624999999999997 0.0
1.4 -0.6000000000000001 0.2 0.2 0.13749999999999998 0.0
1.4 -0.3999999999999999 0.2 0.2 0.13749999999999998 0.0
1.4 -0.19999999999999996 0.2 0.2 0.146875 0.0
1.4 0.0 0.2 0.2 0.15937500000000002 0.0
1.4 0.19999999999999996 0.2 0.2 0.178125 0.0
1.4 0.3999999999999999 0.2 0.2 0.19375 0.0
1.4 0.6000000000000001 0.2 0.2 0.20312499999999997 0.0
1.4 0.8000000000000003 0.2 0.2 0.20625000000000002 0.0
1.4 1.0 0.2 0.2 0.196875 0.0
1.4 1.2000000000000002 0.2 0.2 0.178125 0.0
1.4 1.4 0.2 0.2 0.15 0.0
1.32918 0.66842 0.16680999999999999 0.09612 0.09612 0.09612 0.0 0 0 1 4.54121
0.74889 -1.33077 0.19300499999999995 0.12351 0.12351 0.12351 0.0 0 0 1 20.78469
0.17152 1.30384 0.20708500000000005 0.10792 0.10792 0.10792 0.0 0 0 1 43.7239
-0.80945 1.39864 0.12160499999999999 0.11196 0.11196 0.11196 0.0 0 0 1 40.37897
0.29374 0.45211 0.22685999999999998 0.15997 0.15997 0.15997 0.0 0 0 1 46.96974
-0.49797 -0.76571 0.12366999999999997 0.11609 0.11609 0.11609 0.0 0 0 1 42.28151
0.5159 -1.19374 0.13259 0.07768 0.07768 0.07768 0.0 0 0 1 40.88574
-0.7605 1.11973 0.19242999999999996 0.18486 0.18486 0.18486 0.0 0 0 1 19.2462
0.14199 1.37085 0.21388500000000002 0.12152 0.12152 0.12152 0.0 0 0 1 8.64259
-0.25934 -1.07876 0.09032499999999996 0.06815 0.06815 0.06815 0.0 0 0 1 11.53001
-0.69966 -1.34171 0.173455 0.12816 0.12816 0.12816 0.0 0 0 1 26.58973
0.85604 -0.82353 0.18996500000000002 0.16743 0.16743 0.16743 0.0 0 0 1 62.21634
0.93557 0.53678 0.23827 0.18904 0.18904 0.18904 0.0 0 0 1 44.41971
0.58399 -0.05881 0.1323 0.1021 0.1021 0.1021 0.0 0 0 1 39.12872
0.36935 -0.59504 0.08739999999999995 0.09355 0.09355 0.09355 0.0 0 0 1 44.15043
-0.79569 1.10822 0.11233999999999997 0.05593 0.05593 0.05593 0.0 0 0 1 67.12773
-0.66757 1.13286 0.17736 0.15472 0.15472 0.15472 0.0 0 0 1 49.39489
-0.43506 0.44059 0.17883000000000002 0.16391 0.16391 0.16391 0.0 0 0 1 32.55081
-0.47609 -0.25313 0.14789499999999997 0.19579 0.19579 0.19579 0.0 0 0 1 61.81817
-1.34822 -1.0424 0.27829000000000004 0.17533 0.17533 0.17533 0.0 0 0 1 55.74741
-0.85542 0.39726 0.2195 0.1765 0.1765 0.1765 0.0 0 0 1 74.34044
0.62015 1.08978 0.25851500000000005 0.18578 0.18578 0.18578 0.0 0 0 1 49.94297
-0.42125 0.19895 0.12513499999999997 0.11277 0.11277 0.11277 0.0 0 0 1 81.15957
-1.11012 0.81142 0.16554999999999995 0.1311 0.1311 0.1311 0.0 0 0 1 70.30142
0.85711 -0.65364 0.167615 0.16648 0.16648 0.16648 0.0 0 0 1 75.9827
-1.05947 -1.00939 0.19494499999999995 0.07739 0.07739 0.07739 0.0 0 0 1 30.34875
-0.2187 0.47752 0.17690000000000003 0.13505 0.13505 0.13505 0.0 0 0 1 26.40154
1.12646 1.35918 0.20722499999999996 0.15195 0.15195 0.15195 0.0 0 0 1 24.33666
-0.50137 -0.71725 0.15860499999999997 0.18596 0.18596 0.18596 0.0 0 0 1 24.00698
-0.09772 1.249 0.22547999999999999 0.15721 0.15721 0.15721 0.0 0 0 1 50.06382
-0.86242 -0.92289 0.17557999999999999 0.11366 0.11366 0.11366 0.0 0 0 1 18.86839
-0.53244 -1.38383 0.15453499999999995 0.13407 0.13407 0.13407 0.0 0 0 1 55.01042
0.30222 -0.2344 0.085125 0.08275 0.08275 0.08275 0.0 0 0 1 73.20643
0.4765 -1.22743 0.14397500000000002 0.07545 0.07545 0.07545 0.0 0 0 1 3.06378
-1.17571 -0.04075 0.27041500000000007 0.19083 0.19083 0.19083 0.0 0 0 1 67.75955
-1.15209 -0.60846 0.25668500000000005 0.13212 0.13212 0.13212 0.0 0 0 1 32.78664
0.73276 -0.89375 0.11847500000000002 0.0557 0.0557 0.0557 0.0 0 0 1 23.79723
0.57287 -1.29297 0.183665 0.12358 0.12358 0.12358 0.0 0 0 1 46.20051
-0.98776 0.49402 0.150465 0.05718 0.05718 0.05718 0.0 0 0 1 27.38697
-0.38272 0.39861 0.120205 0.05916 0.05916 0.05916 0.0 0 0 1 26.72272
0.61615 1.09712 0.241955 0.15266 0.15266 0.15266 0.0 0 0 1 34.34193
-0.96414 0.73712 0.189615 0.16048 0.16048 0.16048 0.0 0 0 1 66.10289
1.10099 -0.2869 0.096825 0.0624 0.0624 0.0624 0.0 0 0 1 24.5537
-0.8795 -0.00575 0.20883499999999997 0.14892 0.14892 0.14892 0.0 0 0 1 5.4668
0.47682 -0.98394 0.17619500000000002 0.17114 0.17114 0.17114 0.0 0 0 1 22.7305
0.31437 -1.31524 0.16244500000000003 0.11239 0.11239 0.11239 0.0 0 0 1 6.73852
-0.04129 1.11012 0.18625499999999998 0.06001 0.06001 0.06001 0.0 0 0 1 45.33115
0.70861 1.00654 0.242785 0.15432 0.15432 0.15432 0.0 0 0 1 36.71455
0.96752 0.67003 0.19979499999999997 0.11209 0.11209 0.11209 0.0 0 0 1 47.33817
0.0242 0.56461 0.232285 0.18957 0.18957 0.18957 0.0 0 0 1 82.30931
0.57405 0.20197 0.23335999999999998 0.04172 0.04172 0.04172 1000 0 0 1 48.51663
-0.24545 -0.39747 0.12888499999999997 0.03902 0.03902 0.03902 1000 0 0 1 53.2715
-0.04501 -0.38638 0.128805 0.02636 0.02636 0.02636 1000 0 0 1 10.40223
-0.35764 0.65123 0.23147 0.04419 0.04419 0.04419 1000 0 0 1 54.54082
0.54016 0.45915 0.25366999999999995 0.03859 0.03859 0.03859 1000 0 0 1 54.24766
0.04851 -0.79918 0.14791 0.03957 0.03957 0.03957 1000 0 0 1 2.41196
-0.73886 0.60945 0.20641500000000002 0.03158 0.03158 0.03158 1000 0 0 1 51.7679
0.62148 0.61966 0.27258000000000004 0.03891 0.03891 0.03891 1000 0 0 1 81.43694
-0.39687 -0.55914 0.12824999999999998 0.044 0.044 0.044 1000 0 0 1 59.99112
0.47249 0.3338 0.24217 0.02184 0.02184 0.02184 1000 0 0 1 22.3029
0.64147 0.18851 0.23679 0.04858 0.04858 0.04858 1000 0 0 1 55.32703
0.45316 0.56394 0.27286000000000005 0.03947 0.03947 0.03947 1000 0 0 1 54.38095
-0.34127 0.24846 0.1881 0.0387 0.0387 0.0387 1000 0 0 1 71.30641
-0.58546 -0.54184 0.136145 0.02854 0.02854 0.02854 1000 0 0 1 12.45908
-0.62605 -0.19733 0.15261 0.04272 0.04272 0.04272 1000 0 0 1 65.55095
-0.79765 -0.25019 0.17209 0.03793 0.03793 0.03793 1000 0 0 1 88.82572
0.6646 -0.81048 0.18299499999999996 0.02224 0.02224 0.02224 1000 0 0 1 26.51231
-0.7491 0.20026 0.19781 0.04562 0.04562 0.04562 1000 0 0 1 5.20552
0.35978 0.03321 0.204815 0.04713 0.04713 0.04713 1000 0 0 1 25.15289
-0.85168 0.15609 0.19010500000000002 0.03021 0.03021 0.03021 1000 0 0 1 44.53771
0.40125 -0.44783 0.15669000000000002 0.02588 0.02588 0.02588 1000 0 0 1 82.83424
-0.16113 -0.81411 0.136395 0.03529 0.03529 0.03529 1000 0 0 1 20.50268
-0.44742 -0.60093 0.12006999999999998 0.02764 0.02764 0.02764 1000 0 0 1 39.6002
0.35213 -0.43006 0.16194000000000003 0.03638 0.03638 0.03638 1000 0 0 1 58.48823
0.35148 0.25795 0.21668500000000002 0.02087 0.02087 0.02087 1000 0 0 1 9.82176
0.03819 0.44576 0.23698999999999998 0.04273 0.04273 0.04273 1000 0 0 1 42.60328
0.41972 -0.33609 0.15858000000000003 0.02966 0.02966 0.02966 1000 0 0 1 58.58835
-0.77702 -0.73994 0.184005 0.03676 0.03676 0.03676 1000 0 0 1 26.79642
-0.77399 -0.53834 0.16676 0.03352 0.03352 0.03352 1000 0 0 1 40.25275
-0.14609 -0.42447 0.12896499999999997 0.03918 0.03918 0.03918 1000 0 0 1 82.34378
-0.19775 0.65749 0.239655 0.02931 0.02931 0.02931 1000 0 0 1 41.93629
0.46993 0.22538 0.21833000000000002 0.02416 0.02416 0.02416 1000 0 0 1 17.05313
0.13858 0.55723 0.26522 0.03669 0.03669 0.03669 1000 0 0 1 80.89375
-0.61868 0.55091 0.21395 0.03415 0.03415 0.03415 1000 0 0 1 33.12512
-0.66639 0.38125 0.198535 0.02832 0.02832 0.02832 1000 0 0 1 78.94684
0.57447 -0.5903 0.168615 0.03098 0.03098 0.03098 1000 0 0 1 70.34506
-0.23275 -0.62471 0.12897999999999998 0.04546 0.04546 0.04546 1000 0 0 1 56.16039
0.55172 0.27235 0.225835 0.02667 0.02667 0.02667 1000 0 0 1 70.61897
0.23405 -0.38346 0.14014500000000002 0.02404 0.02404 0.02404 1000 0 0 1 17.87639
0.0038 -0.58267 0.13312000000000002 0.04124 0.04124 0.04124 1000 0 0 1 55.74089
0.00058 -0.81321 0.14367500000000002 0.0311 0.0311 0.0311 1000 0 0 1 72.20156
0.66227 0.5438 0.26671000000000006 0.02717 0.02717 0.02717 1000 0 0 1 13.43008
0.54612 0.41788 0.24906999999999996 0.02939 0.02939 0.02939 1000 0 0 1 54.50064
0.1459 -0.84377 0.16281999999999996 0.04439 0.04439 0.04439 1000 0 0 1 17.76169
-0.46511 0.6561 0.22037500000000002 0.022 0.022 0.022 1000 0 0 1 23.76736
0.15831 -0.38032 0.13868000000000003 0.02111 0.02111 0.02111 1000 0 0 1 87.6414
0.40786 0.19136 0.22696500000000003 0.04143 0.04143 0.04143 1000 0 0 1 10.77211
0.65384 0.07592 0.20166 0.02207 0.02207 0.02207 1000 0 0 1 48.41253
0.58863 -0.54771 0.16757 0.02889 0.02889 0.02889 1000 0 0 1 75.29104
0.32968 -0.0333 0.193045 0.02359 0.02359 0.02359 1000 0 0 1 41.33023
