-1.6 -1.6 0.2 0.2 0.575 0.0
-1.6 -1.4000000000000001 0.2 0.2 0.5625 0.0
-1.6 -1.2000000000000002 0.2 0.2 0.546875 0.0
-1.6 -1.0 0.2 0.2 0.53125 0.0
-1.6 -0.8 0.2 0.2 0.5187499999999999 0.0
-1.6 -0.6000000000000001 0.2 0.2 0.5093749999999999 0.0
-1.6 -0.3999999999999999 0.2 0.2 0.49687499999999996 0.0
-1.6 -0.19999999999999996 0.2 0.2 0.48124999999999996 0.0
-1.6 0.0 0.2 0.2 0.47187499999999993 0.0
-1.6 0.19999999999999996 0.2 0.2 0.46562499999999996 0.0
-1.6 0.3999999999999999 0.2 0.2 0.46562499999999996 0.0
-1.6 0.6000000000000001 0.2 0.2 0.47187499999999993 0.0
-1.6 0.8000000000000003 0.2 0.2 0.484375 0.0
-1.6 1.0 0.2 0.2 0.5 0.0
-1.6 1.2000000000000002 0.2 0.2 0.521875 0.0
-1.6 1.4 0.2 0.2 0.5375 0.0
-1.4000000000000001 -1.6 0.2 0.2 0.5656249999999999 0.0
-1.4000000000000001 -1.4000000000000001 0.2 0.2 0.553125 0.0
-1.4000000000000001 -1.2000000000000002 0.2 0.2 0.5343749999999999 0.0
-1.4000000000000001 -1.0 0.2 0.2 0.515625 0.0
-1.4000000000000001 -0.8 0.2 0.2 0.49687499999999996 0.0
-1.4000000000000001 -0.6000000000000001 0.2 0.2 0.48124999999999996 0.0
-1.4000000000000001 -0.3999999999999999 0.2 0.2 0.4625 0.0
-1.4000000000000001 -0.19999999999999996 0.2 0.2 0.44062499999999993 0.0
-1.4000000000000001 0.0 0.2 0.2 0.42499999999999993 0.0
-1.4000000000000001 0.19999999999999996 0.2 0.2 0.41874999999999996 0.0
-1.4000000000000001 0.3999999999999999 0.2 0.2 0.41874999999999996 0.0
-1.4000000000000001 0.6000000000000001 0.2 0.2 0.42499999999999993 0.0
-1.4000000000000001 0.8000000000000003 0.2 0.2 0.44375 0.0
-1.4000000000000001 1.0 0.2 0.2 0.46562499999999996 0.0
-1.4000000000000001 1.2000000000000002 0.2 0.2 0.48749999999999993 0.0
-1.4000000000000001 1.4 0.2 0.2 0.5093749999999999 0.0
-1.2000000000000002 -1.6 0.2 0.2 0.5406249999999999 0.0
-1.2000000000000002 -1.4000000000000001 0.2 0.2 0.528125 0.0
-1.2000000000000002 -1.2000000000000002 0.2 0.2 0.5093749999999999 0.0
-1.2000000000000002 -1.0 0.2 0.2 0.48749999999999993 0.0
-1.2000000000000002 -0.8 0.2 0.2 0.46562499999999996 0.0
-1.2000000000000002 -0.6000000000000001 0.2 0.2 0.44375 0.0
-1.2000000000000002 -0.3999999999999999 0.2 0.2 0.41874999999999996 0.0
-1.2000000000000002 -0.19999999999999996 0.2 0.2 0.390625 0.0
-1.2000000000000002 0.0 0.2 0.2 0.37187499999999996 0.0
-1.2000000000000002 0.19999999999999996 0.2 0.2 0.36249999999999993 0.0
-1.2000000000000002 0.3999999999999999 0.2 0.2 0.359375 0.0
-1.2000000000000002 0.6000000000000001 0.2 0.2 0.37187499999999996 0.0
-1.2000000000000002 0.8000000000000003 0.2 0.2 0.390625 0.0
-1.2000000000000002 1.0 0.2 0.2 0.415625 0.0
-1.2000000000000002 1.2000000000000002 0.2 0.2 0.44375 0.0
-1.2000000000000002 1.4 0.2 0.2 0.46875 0.0
-1.0 -1.6 0.2 0.2 0.5093749999999999 0.0
-1.0 -1.4000000000000001 0.2 0.2 0.49687499999999996 0.0
-1.0 -1.2000000000000002 0.2 0.2 0.475 0.0
-1.0 -1.0 0.2 0.2 0.44999999999999996 0.0
-1.0 -0.8 0.2 0.2 0.42499999999999993 0.0
-1.0 -0.6000000000000001 0.2 0.2 0.4 0.0
-1.0 -0.3999999999999999 0.2 0.2 0.36875 0.0
-1.0 -0.19999999999999996 0.2 0.2 0.340625 0.0
-1.0 0.0 0.2 0.2 0.31875000000000003 0.0
-1.0 0.19999999999999996 0.2 0.2 0.30312500000000003 0.0
-1.0 0.3999999999999999 0.2 0.2 0.30312500000000003 0.0
-1.0 0.6000000000000001 0.2 0.2 0.315625 0.0
-1.0 0.8000000000000003 0.2 0.2 0.33437500000000003 0.0
-1.0 1.0 0.2 0.2 0.365625 0.0
-1.0 1.2000000000000002 0.2 0.2 0.396875 0.0
-1.0 1.4 0.2 0.2 0.421875 0.0
-0.8 -1.6 0.2 0.2 0.47187499999999993 0.0
-0.8 -1.4000000000000001 0.2 0.2 0.459375 0.0
-0.8 -1.2000000000000002 0.2 0.2 0.44062499999999993 0.0
-0.8 -1.0 0.2 0.2 0.415625 0.0
-0.8 -0.8 0.2 0.2 0.38749999999999996 0.0
-0.8 -0.6000000000000001 0.2 0.2 0.36249999999999993 0.0
-0.8 -0.3999999999999999 0.2 0.2 0.328125 0.0
-0.8 -0.19999999999999996 0.2 0.2 0.296875 0.0
-0.8 0.0 0.2 0.2 0.27187500000000003 0.0
-0.8 0.19999999999999996 0.2 0.2 0.25625 0.0
-0.8 0.3999999999999999 0.2 0.2 0.25625 0.0
-0.8 0.6000000000000001 0.2 0.2 0.26875 0.0
-0.8 0.8000000000000003 0.2 0.2 0.290625 0.0
-0.8 1.0 0.2 0.2 0.321875 0.0
-0.8 1.2000000000000002 0.2 0.2 0.353125 0.0
-0.8 1.4 0.2 0.2 0.38125 0.0
-0.6000000000000001 -1.6 0.2 0.2 0.44062499999999993 0.0
-0.6000000000000001 -1.4000000000000001 0.2 0.2 0.428125 0.0
-0.6000000000000001 -1.2000000000000002 0.2 0.2 0.40937499999999993 0.0
-0.6000000000000001 -1.0 0.2 0.2 0.38749999999999996 0.0
-0.6000000000000001 -0.8 0.2 0.2 0.359375 0.0
-0.6000000000000001 -0.6000000000000001 0.2 0.2 0.33125 0.0
-0.6000000000000001 -0.3999999999999999 0.2 0.2 0.3 0.0
-0.6000000000000001 -0.19999999999999996 0.2 0.2 0.265625 0.0
-0.6000000000000001 0.0 0.2 0.2 0.24062499999999998 0.0
-0.6000000000000001 0.19999999999999996 0.2 0.2 0.22499999999999998 0.0
-0.6000000000000001 0.3999999999999999 0.2 0.2 0.22499999999999998 0.0
-0.6000000000000001 0.6000000000000001 0.2 0.2 0.234375 0.0
-0.6000000000000001 0.8000000000000003 0.2 0.2 0.25625 0.0
-0.6000000000000001 1.0 0.2 0.2 0.28750000000000003 0.0
-0.6000000000000001 1.2000000000000002 0.2 0.2 0.321875 0.0
-0.6000000000000001 1.4 0.2 0.2 0.35 0.0
-0.3999999999999999 -1.6 0.2 0.2 0.40625 0.0
-0.3999999999999999 -1.4000000000000001 0.2 0.2 0.4 0.0
-0.3999999999999999 -1.2000000000000002 0.2 0.2 0.38125 0.0
-0.3999999999999999 -1.0 0.2 0.2 0.35624999999999996 0.0
-0.3999999999999999 -0.8 0.2 0.2 0.33125 0.0
-0.3999999999999999 -0.6000000000000001 0.2 0.2 0.30312500000000003 0.0
-0.3999999999999999 -0.3999999999999999 0.2 0.2 0.26875 0.0
-0.3999999999999999 -0.19999999999999996 0.2 0.2 0.234375 0.0
-0.3999999999999999 0.0 0.2 0.2 0.20625 0.0
-0.3999999999999999 0.19999999999999996 0.2 0.2 0.190625 0.0
-0.3999999999999999 0.3999999999999999 0.2 0.2 0.1875 0.0
-0.3999999999999999 0.6000000000000001 0.2 0.2 0.196875 0.0
-0.3999999999999999 0.8000000000000003 0.2 0.2 0.221875 0.0
-0.3999999999999999 1.0 0.2 0.2 0.25 0.0
-0.3999999999999999 1.2000000000000002 0.2 0.2 0.284375 0.0
-0.3999999999999999 1.4 0.2 0.2 0.3125 0.0
-0.19999999999999996 -1.6 0.2 0.2 0.38125 0.0
-0.19999999999999996 -1.4000000000000001 0.2 0.2 0.375 0.0
-0.19999999999999996 -1.2000000000000002 0.2 0.2 0.35624999999999996 0.0
-0.19999999999999996 -1.0 0.2 0.2 0.33125 0.0
-0.19999999999999996 -0.8 0.2 0.2 0.30625 0.0
-0.19999999999999996 -0.6000000000000001 0.2 0.2 0.275 0.0
-0.19999999999999996 -0.3999999999999999 0.2 0.2 0.24062499999999998 0.0
-0.19999999999999996 -0.19999999999999996 0.2 0.2 0.190625 0.0
-0.19999999999999996 0.0 0.2 0.2 0.175 0.0
-0.19999999999999996 0.19999999999999996 0.2 0.2 0.15625 0.0
-0.19999999999999996 0.3999999999999999 0.2 0.2 0.153125 0.0
-0.19999999999999996 0.6000000000000001 0.2 0.2 0.1625 0.0
-0.19999999999999996 0.8000000000000003 0.2 0.2 0.1875 0.0
-0.19999999999999996 1.0 0.2 0.2 0.21875 0.0
-0.19999999999999996 1.2000000000000002 0.2 0.2 0.253125 0.0
-0.19999999999999996 1.4 0.2 0.2 0.28125 0.0
0.0 -1.6 0.2 0.2 0.365625 0.0
0.0 -1.4000000000000001 0.2 0.2 0.359375 0.0
0.0 -1.2000000000000002 0.2 0.2 0.340625 0.0
0.0 -1.0 0.2 0.2 0.315625 0.0
0.0 -0.8 0.2 0.2 0.28750000000000003 0.0
0.0 -0.6000000000000001 0.2 0.2 0.25625 0.0
0.0 -0.3999999999999999 0.2 0.2 0.21875 0.0
0.0 -0.19999999999999996 0.2 0.2 0.178125 0.0
0.0 0.0 0.2 0.2 0.1625 0.0
0.0 0.19999999999999996 0.2 0.2 0.13125 0.0
0.0 0.3999999999999999 0.2 0.2 0.125 0.0
0.0 0.6000000000000001 0.2 0.2 0.134375 0.0
0.0 0.8000000000000003 0.2 0.2 0.159375 0.0
0.0 1.0 0.2 0.2 0.190625 0.0
0.0 1.2000000000000002 0.2 0.2 0.22499999999999998 0.0
0.0 1.4 0.2 0.2 0.25625 0.0
0.19999999999999996 -1.6 0.2 0.2 0.36249999999999993 0.0
0.19999999999999996 -1.4000000000000001 0.2 0.2 0.35624999999999996 0.0
0.19999999999999996 -1.2000000000000002 0.2 0.2 0.3375 0.0
0.19999999999999996 -1.0 0.2 0.2 0.3125 0.0
0.19999999999999996 -0.8 0.2 0.2 0.28125 0.0
0.19999999999999996 -0.6000000000000001 0.2 0.2 0.25 0.0
0.19999999999999996 -0.3999999999999999 0.2 0.2 0.20625 0.0
0.19999999999999996 -0.19999999999999996 0.2 0.2 0.165625 0.0
0.19999999999999996 0.0 0.2 0.2 0.134375 0.0
0.19999999999999996 0.19999999999999996 0.2 0.2 0.11249999999999999 0.0
0.19999999999999996 0.3999999999999999 0.2 0.2 0.10624999999999998 0.0
0.19999999999999996 0.6000000000000001 0.2 0.2 0.11875 0.0
0.19999999999999996 0.8000000000000003 0.2 0.2 0.140625 0.0
0.19999999999999996 1.0 0.2 0.2 0.175 0.0
0.19999999999999996 1.2000000000000002 0.2 0.2 0.2125 0.0
0.19999999999999996 1.4 0.2 0.2 0.24375000000000002 0.0
0.3999999999999999 -1.6 0.2 0.2 0.37187499999999996 0.0
0.3999999999999999 -1.4000000000000001 0.2 0.2 0.365625 0.0
0.3999999999999999 -1.2000000000000002 0.2 0.2 0.346875 0.0
0.3999999999999999 -1.0 0.2 0.2 0.31875000000000003 0.0
0.3999999999999999 -0.8 0.2 0.2 0.284375 0.0
0.3999999999999999 -0.6000000000000001 0.2 0.2 0.25 0.0
0.3999999999999999 -0.3999999999999999 0.2 0.2 0.20625 0.0
0.3999999999999999 -0.19999999999999996 0.2 0.2 0.165625 0.0
0.3999999999999999 0.0 0.2 0.2 0.128125 0.0
0.3999999999999999 0.19999999999999996 0.2 0.2 0.10624999999999998 0.0
0.3999999999999999 0.3999999999999999 0.2 0.2 0.1 0.0
0.3999999999999999 0.6000000000000001 0.2 0.2 0.11249999999999999 0.0
0.3999999999999999 0.8000000000000003 0.2 0.2 0.1375 0.0
0.3999999999999999 1.0 0.2 0.2 0.171875 0.0
0.3999999999999999 1.2000000000000002 0.2 0.2 0.2125 0.0
0.3999999999999999 1.4 0.2 0.2 0.246875 0.0
0.6000000000000001 -1.6 0.2 0.2 0.39374999999999993 0.0
0.6000000000000001 -1.4000000000000001 0.2 0.2 0.38749999999999996 0.0
0.6000000000000001 -1.2000000000000002 0.2 0.2 0.365625 0.0
0.6000000000000001 -1.0 0.2 0.2 0.33437500000000003 0.0
0.6000000000000001 -0.8 0.2 0.2 0.3 0.0
0.6000000000000001 -0.6000000000000001 0.2 0.2 0.2625 0.0
0.6000000000000001 -0.3999999999999999 0.2 0.2 0.215625 0.0
0.6000000000000001 -0.19999999999999996 0.2 0.2 0.171875 0.0
0.6000000000000001 0.0 0.2 0.2 0.134375 0.0
0.6000000000000001 0.19999999999999996 0.2 0.2 0.11249999999999999 0.0
0.6000000000000001 0.3999999999999999 0.2 0.2 0.10624999999999998 0.0
0.6000000000000001 0.6000000000000001 0.2 0.2 0.11875 0.0
0.6000000000000001 0.8000000000000003 0.2 0.2 0.14375 0.0
0.6000000000000001 1.0 0.2 0.2 0.18125 0.0
0.6000000000000001 1.2000000000000002 0.2 0.2 0.221875 0.0
0.6000000000000001 1.4 0.2 0.2 0.259375 0.0
0.8000000000000003 -1.6 0.2 0.2 0.428125 0.0
0.8000000000000003 -1.4000000000000001 0.2 0.2 0.415625 0.0
0.8000000000000003 -1.2000000000000002 0.2 0.2 0.390625 0.0
0.8000000000000003 -1.0 0.2 0.2 0.35624999999999996 0.0
0.8000000000000003 -0.8 0.2 0.2 0.31875000000000003 0.0
0.8000000000000003 -0.6000000000000001 0.2 0.2 0.28125 0.0
0.8000000000000003 -0.3999999999999999 0.2 0.2 0.234375 0.0
0.8000000000000003 -0.19999999999999996 0.2 0.2 0.1875 0.0
0.8000000000000003 0.0 0.2 0.2 0.15 0.0
0.8000000000000003 0.19999999999999996 0.2 0.2 0.128125 0.0
0.8000000000000003 0.3999999999999999 0.2 0.2 0.12187500000000001 0.0
0.8000000000000003 0.6000000000000001 0.2 0.2 0.134375 0.0
0.8000000000000003 0.8000000000000003 0.2 0.2 0.1625 0.0
0.8000000000000003 1.0 0.2 0.2 0.203125 0.0
0.8000000000000003 1.2000000000000002 0.2 0.2 0.246875 0.0
0.8000000000000003 1.4 0.2 0.2 0.284375 0.0
1.0 -1.6 0.2 0.2 0.46562499999999996 0.0
1.0 -1.4000000000000001 0.2 0.2 0.44999999999999996 0.0
1.0 -1.2000000000000002 0.2 0.2 0.421875 0.0
1.0 -1.0 0.2 0.2 0.384375 0.0
1.0 -0.8 0.2 0.2 0.34375 0.0
1.0 -0.6000000000000001 0.2 0.2 0.30625 0.0
1.0 -0.3999999999999999 0.2 0.2 0.25625 0.0
1.0 -0.19999999999999996 0.2 0.2 0.209375 0.0
1.0 0.0 0.2 0.2 0.171875 0.0
1.0 0.19999999999999996 0.2 0.2 0.146875 0.0
1.0 0.3999999999999999 0.2 0.2 0.14375 0.0
1.0 0.6000000000000001 0.2 0.2 0.15625 0.0
1.0 0.8000000000000003 0.2 0.2 0.1875 0.0
1.0 1.0 0.2 0.2 0.22812500000000002 0.0
1.0 1.2000000000000002 0.2 0.2 0.275 0.0
1.0 1.4 0.2 0.2 0.315625 0.0
1.2000000000000002 -1.6 0.2 0.2 0.5 0.0
1.2000000000000002 -1.4000000000000001 0.2 0.2 0.48124999999999996 0.0
1.2000000000000002 -1.2000000000000002 0.2 0.2 0.44999999999999996 0.0
1.2000000000000002 -1.0 0.2 0.2 0.40937499999999993 0.0
1.2000000000000002 -0.8 0.2 0.2 0.36875 0.0
1.2000000000000002 -0.6000000000000001 0.2 0.2 0.328125 0.0
1.2000000000000002 -0.3999999999999999 0.2 0.2 0.278125 0.0
1.2000000000000002 -0.19999999999999996 0.2 0.2 0.23125 0.0
1.2000000000000002 0.0 0.2 0.2 0.19375 0.0
1.2000000000000002 0.19999999999999996 0.2 0.2 0.171875 0.0
1.2000000000000002 0.3999999999999999 0.2 0.2 0.16875 0.0
1.2000000000000002 0.6000000000000001 0.2 0.2 0.18125 0.0
1.2000000000000002 0.8000000000000003 0.2 0.2 0.215625 0.0
1.2000000000000002 1.0 0.2 0.2 0.259375 0.0
1.2000000000000002 1.2000000000000002 0.2 0.2 0.30625 0.0
1.2000000000000002 1.4 0.2 0.2 0.346875 0.0
1.4 -1.6 0.2 0.2 0.5249999999999999 0.0
1.4 -1.4000000000000001 0.2 0.2 0.5031249999999999 0.0
1.4 -1.2000000000000002 0.2 0.2 0.46875 0.0
1.4 -1.0 0.2 0.2 0.42499999999999993 0.0
1.4 -0.8 0.2 0.2 0.384375 0.0
1.4 -0.6000000000000001 0.2 0.2 0.34375 0.0
1.4 -0.3999999999999999 0.2 0.2 0.29375 0.0
1.4 -0.19999999999999996 0.2 0.2 0.246875 0.0
1.4 0.0 0.2 0.2 0.209375 0.0
1.4 0.19999999999999996 0.2 0.2 0.1875 0.0
1.4 0.3999999999999999 0.2 0.2 0.184375 0.0
1.4 0.6000000000000001 0.2 0.2 0.203125 0.0
1.4 0.8000000000000003 0.2 0.2 0.2375 0.0
1.4 1.0 0.2 0.2 0.28125 0.0
1.4 1.2000000000000002 0.2 0.2 0.328125 0.0
1.4 1.4 0.2 0.2 0.37187499999999996 0.0
-1.04794 -1.10706 0.48488 0.15101 0.15101 0.15101 0.0 0 0 1 49.62789
-1.16057 0.8205 0.424515 0.16153 0.16153 0.16153 0.0 0 0 1 29.29521
-0.79143 -0.63378 0.418335 0.18667 0.18667 0.18667 0.0 0 0 1 44.95266
0.85842 -0.80734 0.35814500000000005 0.14754 0.14754 0.14754 0.0 0 0 1 58.68318
0.95731 -0.94756 0.33588000000000007 0.10301 0.10301 0.10301 0.0 0 0 1 27.69248
-0.5052 -0.387 0.322265 0.18828 0.18828 0.18828 0.0 0 0 1 3.23444
1.34739 -0.84028 0.40259 0.15518 0.15518 0.15518 0.0 0 0 1 29.13119
0.88091 -0.00271 0.143055 0.11111 0.11111 0.11111 0.0 0 0 1 47.06012
1.15589 -0.84249 0.3474099999999999 0.07607 0.07607 0.07607 0.0 0 0 1 10.52384
-0.02044 0.68386 0.16621 0.15742 0.15742 0.15742 0.0 0 0 1 66.61393
-0.3577 -0.31901 0.23066999999999996 0.06134 0.06134 0.06134 0.0 0 0 1 56.42519
-0.35675 0.87671 0.24055999999999997 0.16862 0.16862 0.16862 0.0 0 0 1 76.13318
0.70615 -0.22017 0.20329 0.13783 0.13783 0.13783 0.0 0 0 1 56.9406
-0.67702 0.06308 0.203715 0.06368 0.06368 0.06368 0.0 0 0 1 26.90082
-0.42408 -0.08733 0.28817499999999996 0.1826 0.1826 0.1826 0.0 0 0 1 61.4396
-0.65673 -0.94689 0.34462000000000004 0.05799 0.05799 0.05799 0.0 0 0 1 50.76628
-0.45294 -0.81722 0.315225 0.05545 0.05545 0.05545 0.0 0 0 1 32.34309
0.4955 -0.48933 0.22004500000000002 0.11509 0.11509 0.11509 0.0 0 0 1 2.31257
-0.79545 -0.78277 0.3809649999999999 0.11193 0.11193 0.11193 0.0 0 0 1 33.10348
1.35781 0.51642 0.15622 0.14369 0.14369 0.14369 0.0 0 0 1 38.81285
-1.37431 0.22967 0.45681499999999997 0.18238 0.18238 0.18238 0.0 0 0 1 78.21329
-0.55017 0.26653 0.20889499999999997 0.10529 0.10529 0.10529 0.0 0 0 1 9.63769
0.08586 1.26548 0.20397999999999997 0.10171 0.10171 0.10171 0.0 0 0 1 77.10438
-1.24545 -0.45241 0.49002499999999993 0.1613 0.1613 0.1613 0.0 0 0 1 35.48803
-0.57757 -0.55856 0.31188499999999997 0.09877 0.09877 0.09877 0.0 0 0 1 10.95813
0.60844 -0.6233 0.274045 0.14809 0.14809 0.14809 0.0 0 0 1 44.5463
0.7831 1.1794 0.19491 0.14607 0.14607 0.14607 0.0 0 0 1 30.4801
-0.41355 1.38933 0.34778 0.18931 0.18931 0.18931 0.0 0 0 1 80.67807
1.09738 -0.74317 0.27090499999999995 0.05431 0.05431 0.05431 0.0 0 0 1 35.14548
-1.17064 1.09926 0.391015 0.05078 0.05078 0.05078 0.0 0 0 1 24.4776
-0.73729 0.44366 0.28828 0.17031 0.17031 0.17031 0.0 0 0 1 35.18033
1.04495 0.7646 0.16885999999999998 0.16272 0.16272 0.16272 0.0 0 0 1 48.58596
1.04748 -0.67939 0.298145 0.10879 0.10879 0.10879 0.0 0 0 1 35.37519
-0.81105 0.5109 0.28078499999999995 0.13032 0.13032 0.13032 0.0 0 0 1 38.68471
1.1265 0.16141 0.14596 0.10442 0.10442 0.10442 0.0 0 0 1 26.50386
1.15071 1.27834 0.23551000000000002 0.05852 0.05852 0.05852 0.0 0 0 1 44.13512
0.33789 -0.05072 0.160135 0.16402 0.16402 0.16402 0.0 0 0 1 85.96053
-0.98361 0.14397 0.34523499999999996 0.14672 0.14672 0.14672 0.0 0 0 1 86.73756
-0.47395 -0.41866 0.27846000000000004 0.09442 0.09442 0.09442 0.0 0 0 1 22.12042
0.31679 -0.32183 0.19714 0.15678 0.15678 0.15678 0.0 0 0 1 71.91976
0.09763 -0.35583 0.24004999999999996 0.19885 0.19885 0.19885 0.0 0 0 1 43.74365
-1.37647 0.22125 0.39624499999999996 0.06124 0.06124 0.06124 0.0 0 0 1 44.57255
-1.37525 -1.1427 0.543065 0.19238 0.19238 0.19238 0.0 0 0 1 69.5353
0.16269 1.1603 0.17154499999999998 0.09309 0.09309 0.09309 0.0 0 0 1 35.18787
-0.20213 -1.01621 0.32472999999999996 0.08696 0.08696 0.08696 0.0 0 0 1 47.00743
-1.0258 0.69853 0.34379000000000004 0.10633 0.10633 0.10633 0.0 0 0 1 27.37496
0.25596 1.06372 0.18368499999999996 0.14237 0.14237 0.14237 0.0 0 0 1 84.89504
-0.99605 0.51047 0.29927000000000004 0.07979 0.07979 0.07979 0.0 0 0 1 84.83047
-0.92657 -0.6062 0.44735 0.16345 0.16345 0.16345 0.0 0 0 1 58.85317
-1.13687 1.13417 0.3989999999999999 0.06675 0.06675 0.06675 0.0 0 0 1 19.98337
-0.14455 0.42095 0.17267500000000002 0.0391 0.0391 0.0391 1000 0 0 1 37.27386
-0.04212 -0.34904 0.23295 0.0284 0.0284 0.0284 1000 0 0 1 14.48765
0.01338 0.47001 0.13978 0.02956 0.02956 0.02956 1000 0 0 1 32.61571
0.64276 0.1741 0.13273 0.04046 0.04046 0.04046 1000 0 0 1 62.45626
0.38069 -0.83414 0.300075 0.0314 0.0314 0.0314 1000 0 0 1 10.72869
-0.4456 -0.86792 0.34414 0.02578 0.02578 0.02578 1000 0 0 1 76.94479
-0.83896 0.60151 0.284835 0.03217 0.03217 0.03217 1000 0 0 1 71.18477
0.64438 0.35728 0.1271 0.0417 0.0417 0.0417 1000 0 0 1 38.67218
0.4491 0.02777 0.138785 0.02132 0.02132 0.02132 1000 0 0 1 17.30221
0.62857 0.54537 0.13629 0.03508 0.03508 0.03508 1000 0 0 1 38.781
-0.60174 0.37418 0.24728999999999998 0.04458 0.04458 0.04458 1000 0 0 1 66.30215
0.59161 0.21404 0.13599499999999998 0.04699 0.04699 0.04699 1000 0 0 1 39.07111
0.54616 -0.81996 0.32198 0.04396 0.04396 0.04396 1000 0 0 1 24.05987
-0.39717 -0.55529 0.31419500000000006 0.02214 0.02214 0.02214 1000 0 0 1 77.1836
-0.39339 -0.85505 0.34931999999999996 0.03614 0.03614 0.03614 1000 0 0 1 72.82477
0.40509 0.45048 0.12029000000000001 0.04058 0.04058 0.04058 1000 0 0 1 63.96961
-0.45131 0.38539 0.20924500000000001 0.04349 0.04349 0.04349 1000 0 0 1 55.53617
0.16001 0.55795 0.130735 0.02397 0.02397 0.02397 1000 0 0 1 28.62424
0.26938 0.53613 0.132175 0.02685 0.02685 0.02685 1000 0 0 1 38.72424
-0.13912 -0.58327 0.28712000000000004 0.02424 0.02424 0.02424 1000 0 0 1 52.09892
-0.04063 -0.61016 0.27947999999999995 0.04646 0.04646 0.04646 1000 0 0 1 44.15072
0.41835 -0.2078 0.185655 0.04006 0.04006 0.04006 1000 0 0 1 6.59112
-0.45684 -0.74435 0.34651 0.03052 0.03052 0.03052 1000 0 0 1 62.28549
-0.4285 -0.26065 0.25069 0.03263 0.03263 0.03263 1000 0 0 1 57.74618
-0.36168 0.16493 0.20846499999999998 0.03568 0.03568 0.03568 1000 0 0 1 45.32964
0.53862 0.03232 0.14969 0.03063 0.03063 0.03063 1000 0 0 1 44.13141
0.06351 -0.85649 0.29913 0.02326 0.02326 0.02326 1000 0 0 1 40.35819
0.20249 0.4127 0.11985499999999999 0.02721 0.02721 0.02721 1000 0 0 1 60.92753
-0.35758 0.53076 0.21001999999999998 0.02629 0.02629 0.02629 1000 0 0 1 5.52031
0.42426 -0.75744 0.30485999999999996 0.04097 0.04097 0.04097 1000 0 0 1 29.19039
-0.40766 0.20056 0.213335 0.04542 0.04542 0.04542 1000 0 0 1 25.24679
0.66336 -0.73835 0.310625 0.02125 0.02125 0.02125 1000 0 0 1 48.72972
0.35327 0.62858 0.135395 0.04579 0.04579 0.04579 1000 0 0 1 26.70156
0.04558 -0.61534 0.27656499999999995 0.04063 0.04063 0.04063 1000 0 0 1 56.01353
0.5972 -0.82845 0.321175 0.04235 0.04235 0.04235 1000 0 0 1 57.83605
0.61082 -0.75042 0.31942 0.03884 0.03884 0.03884 1000 0 0 1 39.11296
0.35057 -0.43619 0.230215 0.04793 0.04793 0.04793 1000 0 0 1 63.71542
-0.78057 -0.21148 0.311675 0.0296 0.0296 0.0296 1000 0 0 1 55.57463
-0.36203 0.40404 0.197985 0.02097 0.02097 0.02097 1000 0 0 1 28.10044
-0.58752 -0.19371 0.289855 0.04846 0.04846 0.04846 1000 0 0 1 41.88096
-0.33293 -0.58611 0.314605 0.02296 0.02296 0.02296 1000 0 0 1 60.01448
0.43392 -0.61021 0.269565 0.03913 0.03913 0.03913 1000 0 0 1 31.30753
-0.25619 -0.82519 0.323875 0.03525 0.03525 0.03525 1000 0 0 1 41.76036
0.41926 0.61688 0.13150499999999998 0.03801 0.03801 0.03801 1000 0 0 1 56.84872
-0.41441 0.57454 0.21562 0.03749 0.03749 0.03749 1000 0 0 1 86.09556
0.23378 -0.66803 0.26563 0.03126 0.03126 0.03126 1000 0 0 1 66.43239
-0.74529 0.66611 0.280935 0.02437 0.02437 0.02437 1000 0 0 1 46.43072
-0.73626 -0.13986 0.312115 0.03048 0.03048 0.03048 1000 0 0 1 38.61782
0.40978 -0.43789 0.23058499999999998 0.04867 0.04867 0.04867 1000 0 0 1 52.19781
0.46463 0.57262 0.123275 0.02155 0.02155 0.02155 1000 0 0 1 66.19808
