-1.6 -1.6 0.2 0.2 0.209375 0.0
-1.6 -1.4000000000000001 0.2 0.2 0.21875000000000003 0.0
-1.6 -1.2000000000000002 0.2 0.2 0.23125000000000004 0.0
-1.6 -1.0 0.2 0.2 0.24375 0.0
-1.6 -0.8 0.2 0.2 0.26250000000000007 0.0
-1.6 -0.6000000000000001 0.2 0.2 0.27812500000000007 0.0
-1.6 -0.3999999999999999 0.2 0.2 0.296875 0.0
-1.6 -0.19999999999999996 0.2 0.2 0.3125 0.0
-1.6 0.0 0.2 0.2 0.32500000000000007 0.0
-1.6 0.19999999999999996 0.2 0.2 0.33125000000000004 0.0
-1.6 0.3999999999999999 0.2 0.2 0.33125000000000004 0.0
-1.6 0.6000000000000001 0.2 0.2 0.32500000000000007 0.0
-1.6 0.8000000000000003 0.2 0.2 0.3125 0.0
-1.6 1.0 0.2 0.2 0.3031250000000001 0.0
-1.6 1.2000000000000002 0.2 0.2 0.290625 0.0
-1.6 1.4 0.2 0.2 0.28125 0.0
-1.4000000000000001 -1.6 0.2 0.2 0.16875000000000004 0.0
-1.4000000000000001 -1.4000000000000001 0.2 0.2 0.178125 0.0
-1.4000000000000001 -1.2000000000000002 0.2 0.2 0.196875 0.0
-1.4000000000000001 -1.0 0.2 0.2 0.21562500000000004 0.0
-1.4000000000000001 -0.8 0.2 0.2 0.240625 0.0
-1.4000000000000001 -0.6000000000000001 0.2 0.2 0.26250000000000007 0.0
-1.4000000000000001 -0.3999999999999999 0.2 0.2 0.28437500000000004 0.0
-1.4000000000000001 -0.19999999999999996 0.2 0.2 0.3031250000000001 0.0
-1.4000000000000001 0.0 0.2 0.2 0.31562500000000004 0.0
-1.4000000000000001 0.19999999999999996 0.2 0.2 0.3187500000000001 0.0
-1.4000000000000001 0.3999999999999999 0.2 0.2 0.3187500000000001 0.0
-1.4000000000000001 0.6000000000000001 0.2 0.2 0.30937500000000007 0.0
-1.4000000000000001 0.8000000000000003 0.2 0.2 0.30000000000000004 0.0
-1.4000000000000001 1.0 0.2 0.2 0.2875 0.0
-1.4000000000000001 1.2000000000000002 0.2 0.2 0.27812500000000007 0.0
-1.4000000000000001 1.4 0.2 0.2 0.275 0.0
-1.2000000000000002 -1.6 0.2 0.2 0.13125 0.0
-1.2000000000000002 -1.4000000000000001 0.2 0.2 0.14375000000000002 0.0
-1.2000000000000002 -1.2000000000000002 0.2 0.2 0.1625 0.0
-1.2000000000000002 -1.0 0.2 0.2 0.18437500000000004 0.0
-1.2000000000000002 -0.8 0.2 0.2 0.21562500000000004 0.0
-1.2000000000000002 -0.6000000000000001 0.2 0.2 0.24375 0.0
-1.2000000000000002 -0.3999999999999999 0.2 0.2 0.26875000000000004 0.0
-1.2000000000000002 -0.19999999999999996 0.2 0.2 0.2875 0.0
-1.2000000000000002 0.0 0.2 0.2 0.296875 0.0
-1.2000000000000002 0.19999999999999996 0.2 0.2 0.30000000000000004 0.0
-1.2000000000000002 0.3999999999999999 0.2 0.2 0.296875 0.0
-1.2000000000000002 0.6000000000000001 0.2 0.2 0.2875 0.0
-1.2000000000000002 0.8000000000000003 0.2 0.2 0.275 0.0
-1.2000000000000002 1.0 0.2 0.2 0.26250000000000007 0.0
-1.2000000000000002 1.2000000000000002 0.2 0.2 0.25625 0.0
-1.2000000000000002 1.4 0.2 0.2 0.259375 0.0
-1.0 -1.6 0.2 0.2 0.10625000000000004 0.0
-1.0 -1.4000000000000001 0.2 0.2 0.115625 0.0
-1.0 -1.2000000000000002 0.2 0.2 0.134375 0.0
-1.0 -1.0 0.2 0.2 0.15937500000000002 0.0
-1.0 -0.8 0.2 0.2 0.19062500000000002 0.0
-1.0 -0.6000000000000001 0.2 0.2 0.225 0.0
-1.0 -0.3999999999999999 0.2 0.2 0.25312500000000004 0.0
-1.0 -0.19999999999999996 0.2 0.2 0.271875 0.0
-1.0 0.0 0.2 0.2 0.27812500000000007 0.0
-1.0 0.19999999999999996 0.2 0.2 0.28125 0.0
-1.0 0.3999999999999999 0.2 0.2 0.271875 0.0
-1.0 0.6000000000000001 0.2 0.2 0.26250000000000007 0.0
-1.0 0.8000000000000003 0.2 0.2 0.24687500000000004 0.0
-1.0 1.0 0.2 0.2 0.23437500000000003 0.0
-1.0 1.2000000000000002 0.2 0.2 0.228125 0.0
-1.0 1.4 0.2 0.2 0.23125000000000004 0.0
-0.8 -1.6 0.2 0.2 0.1 0.0
-0.8 -1.4000000000000001 0.2 0.2 0.103125 0.0
-0.8 -1.2000000000000002 0.2 0.2 0.11875 0.0
-0.8 -1.0 0.2 0.2 0.14375000000000002 0.0
-0.8 -0.8 0.2 0.2 0.178125 0.0
-0.8 -0.6000000000000001 0.2 0.2 0.2125 0.0
-0.8 -0.3999999999999999 0.2 0.2 0.240625 0.0
-0.8 -0.19999999999999996 0.2 0.2 0.25625 0.0
-0.8 0.0 0.2 0.2 0.26250000000000007 0.0
-0.8 0.19999999999999996 0.2 0.2 0.259375 0.0
-0.8 0.3999999999999999 0.2 0.2 0.25 0.0
-0.8 0.6000000000000001 0.2 0.2 0.23437500000000003 0.0
-0.8 0.8000000000000003 0.2 0.2 0.21562500000000004 0.0
-0.8 1.0 0.2 0.2 0.20000000000000004 0.0
-0.8 1.2000000000000002 0.2 0.2 0.19375 0.0
-0.8 1.4 0.2 0.2 0.20000000000000004 0.0
-0.6000000000000001 -1.6 0.2 0.2 0.10937500000000003 0.0
-0.6000000000000001 -1.4000000000000001 0.2 0.2 0.10937500000000003 0.0
-0.6000000000000001 -1.2000000000000002 0.2 0.2 0.12187500000000004 0.0
-0.6000000000000001 -1.0 0.2 0.2 0.14375000000000002 0.0
-0.6000000000000001 -0.8 0.2 0.2 0.17500000000000002 0.0
-0.6000000000000001 -0.6000000000000001 0.2 0.2 0.2125 0.0
-0.6000000000000001 -0.3999999999999999 0.2 0.2 0.23750000000000002 0.0
-0.6000000000000001 -0.19999999999999996 0.2 0.2 0.25 0.0
-0.6000000000000001 0.0 0.2 0.2 0.25312500000000004 0.0
-0.6000000000000001 0.19999999999999996 0.2 0.2 0.24687500000000004 0.0
-0.6000000000000001 0.3999999999999999 0.2 0.2 0.23125000000000004 0.0
-0.6000000000000001 0.6000000000000001 0.2 0.2 0.209375 0.0
-0.6000000000000001 0.8000000000000003 0.2 0.2 0.19062500000000002 0.0
-0.6000000000000001 1.0 0.2 0.2 0.17187500000000003 0.0
-0.6000000000000001 1.2000000000000002 0.2 0.2 0.1625 0.0
-0.6000000000000001 1.4 0.2 0.2 0.16875000000000004 0.0
-0.3999999999999999 -1.6 0.2 0.2 0.12500000000000003 0.0
-0.3999999999999999 -1.4000000000000001 0.2 0.2 0.11875 0.0
-0.3999999999999999 -1.2000000000000002 0.2 0.2 0.12500000000000003 0.0
-0.3999999999999999 -1.0 0.2 0.2 0.146875 0.0
-0.3999999999999999 -0.8 0.2 0.2 0.17500000000000002 0.0
-0.3999999999999999 -0.6000000000000001 0.2 0.2 0.209375 0.0
-0.3999999999999999 -0.3999999999999999 0.2 0.2 0.23125000000000004 0.0
-0.3999999999999999 -0.19999999999999996 0.2 0.2 0.24375 0.0
-0.3999999999999999 0.0 0.2 0.2 0.24375 0.0
-0.3999999999999999 0.19999999999999996 0.2 0.2 0.23125000000000004 0.0
-0.3999999999999999 0.3999999999999999 0.2 0.2 0.2125 0.0
-0.3999999999999999 0.6000000000000001 0.2 0.2 0.19062500000000002 0.0
-0.3999999999999999 0.8000000000000003 0.2 0.2 0.165625 0.0
-0.3999999999999999 1.0 0.2 0.2 0.146875 0.0
-0.3999999999999999 1.2000000000000002 0.2 0.2 0.13750000000000004 0.0
-0.3999999999999999 1.4 0.2 0.2 0.14375000000000002 0.0
-0.19999999999999996 -1.6 0.2 0.2 0.13750000000000004 0.0
-0.19999999999999996 -1.4000000000000001 0.2 0.2 0.12812500000000002 0.0
-0.19999999999999996 -1.2000000000000002 0.2 0.2 0.13125 0.0
-0.19999999999999996 -1.0 0.2 0.2 0.146875 0.0
-0.19999999999999996 -0.8 0.2 0.2 0.17500000000000002 0.0
-0.19999999999999996 -0.6000000000000001 0.2 0.2 0.209375 0.0
-0.19999999999999996 -0.3999999999999999 0.2 0.2 0.23125000000000004 0.0
-0.19999999999999996 -0.19999999999999996 0.2 0.2 0.23437500000000003 0.0
-0.19999999999999996 0.0 0.2 0.2 0.23437500000000003 0.0
-0.19999999999999996 0.19999999999999996 0.2 0.2 0.22187500000000002 0.0
-0.19999999999999996 0.3999999999999999 0.2 0.2 0.20000000000000004 0.0
-0.19999999999999996 0.6000000000000001 0.2 0.2 0.17500000000000002 0.0
-0.19999999999999996 0.8000000000000003 0.2 0.2 0.146875 0.0
-0.19999999999999996 1.0 0.2 0.2 0.12812500000000002 0.0
-0.19999999999999996 1.2000000000000002 0.2 0.2 0.11875 0.0
-0.19999999999999996 1.4 0.2 0.2 0.12812500000000002 0.0
0.0 -1.6 0.2 0.2 0.146875 0.0
0.0 -1.4000000000000001 0.2 0.2 0.134375 0.0
0.0 -1.2000000000000002 0.2 0.2 0.134375 0.0
0.0 -1.0 0.2 0.2 0.146875 0.0
0.0 -0.8 0.2 0.2 0.17500000000000002 0.0
0.0 -0.6000000000000001 0.2 0.2 0.20625000000000002 0.0
0.0 -0.3999999999999999 0.2 0.2 0.228125 0.0
0.0 -0.19999999999999996 0.2 0.2 0.23437500000000003 0.0
0.0 0.0 0.2 0.2 0.228125 0.0
0.0 0.19999999999999996 0.2 0.2 0.2125 0.0
0.0 0.3999999999999999 0.2 0.2 0.18750000000000003 0.0
0.0 0.6000000000000001 0.2 0.2 0.1625 0.0
0.0 0.8000000000000003 0.2 0.2 0.13750000000000004 0.0
0.0 1.0 0.2 0.2 0.11875 0.0
0.0 1.2000000000000002 0.2 0.2 0.10937500000000003 0.0
0.0 1.4 0.2 0.2 0.11875 0.0
0.19999999999999996 -1.6 0.2 0.2 0.15625000000000003 0.0
0.19999999999999996 -1.4000000000000001 0.2 0.2 0.14062500000000003 0.0
0.19999999999999996 -1.2000000000000002 0.2 0.2 0.13750000000000004 0.0
0.19999999999999996 -1.0 0.2 0.2 0.15 0.0
0.19999999999999996 -0.8 0.2 0.2 0.17500000000000002 0.0
0.19999999999999996 -0.6000000000000001 0.2 0.2 0.20625000000000002 0.0
0.19999999999999996 -0.3999999999999999 0.2 0.2 0.225 0.0
0.19999999999999996 -0.19999999999999996 0.2 0.2 0.23125000000000004 0.0
0.19999999999999996 0.0 0.2 0.2 0.22187500000000002 0.0
0.19999999999999996 0.19999999999999996 0.2 0.2 0.20625000000000002 0.0
0.19999999999999996 0.3999999999999999 0.2 0.2 0.18125 0.0
0.19999999999999996 0.6000000000000001 0.2 0.2 0.15625000000000003 0.0
0.19999999999999996 0.8000000000000003 0.2 0.2 0.13125 0.0
0.19999999999999996 1.0 0.2 0.2 0.115625 0.0
0.19999999999999996 1.2000000000000002 0.2 0.2 0.10937500000000003 0.0
0.19999999999999996 1.4 0.2 0.2 0.12187500000000004 0.0
0.3999999999999999 -1.6 0.2 0.2 0.1625 0.0
0.3999999999999999 -1.4000000000000001 0.2 0.2 0.146875 0.0
0.3999999999999999 -1.2000000000000002 0.2 0.2 0.14062500000000003 0.0
0.3999999999999999 -1.0 0.2 0.2 0.15 0.0
0.3999999999999999 -0.8 0.2 0.2 0.17500000000000002 0.0
0.3999999999999999 -0.6000000000000001 0.2 0.2 0.20625000000000002 0.0
0.3999999999999999 -0.3999999999999999 0.2 0.2 0.225 0.0
0.3999999999999999 -0.19999999999999996 0.2 0.2 0.228125 0.0
0.3999999999999999 0.0 0.2 0.2 0.21875000000000003 0.0
0.3999999999999999 0.19999999999999996 0.2 0.2 0.20312500000000003 0.0
0.3999999999999999 0.3999999999999999 0.2 0.2 0.18125 0.0
0.3999999999999999 0.6000000000000001 0.2 0.2 0.15625000000000003 0.0
0.3999999999999999 0.8000000000000003 0.2 0.2 0.134375 0.0
0.3999999999999999 1.0 0.2 0.2 0.11875 0.0
0.3999999999999999 1.2000000000000002 0.2 0.2 0.11875 0.0
0.3999999999999999 1.4 0.2 0.2 0.134375 0.0
0.6000000000000001 -1.6 0.2 0.2 0.165625 0.0
0.6000000000000001 -1.4000000000000001 0.2 0.2 0.15 0.0
0.6000000000000001 -1.2000000000000002 0.2 0.2 0.14375000000000002 0.0
0.6000000000000001 -1.0 0.2 0.2 0.15312500000000004 0.0
0.6000000000000001 -0.8 0.2 0.2 0.17500000000000002 0.0
0.6000000000000001 -0.6000000000000001 0.2 0.2 0.20625000000000002 0.0
0.6000000000000001 -0.3999999999999999 0.2 0.2 0.225 0.0
0.6000000000000001 -0.19999999999999996 0.2 0.2 0.228125 0.0
0.6000000000000001 0.0 0.2 0.2 0.21875000000000003 0.0
0.6000000000000001 0.19999999999999996 0.2 0.2 0.20312500000000003 0.0
0.6000000000000001 0.3999999999999999 0.2 0.2 0.18125 0.0
0.6000000000000001 0.6000000000000001 0.2 0.2 0.15937500000000002 0.0
0.6000000000000001 0.8000000000000003 0.2 0.2 0.14062500000000003 0.0
0.6000000000000001 1.0 0.2 0.2 0.12812500000000002 0.0
0.6000000000000001 1.2000000000000002 0.2 0.2 0.13125 0.0
0.6000000000000001 1.4 0.2 0.2 0.15 0.0
0.8000000000000003 -1.6 0.2 0.2 0.16875000000000004 0.0
0.8000000000000003 -1.4000000000000001 0.2 0.2 0.15312500000000004 0.0
0.8000000000000003 -1.2000000000000002 0.2 0.2 0.146875 0.0
0.8000000000000003 -1.0 0.2 0.2 0.15312500000000004 0.0
0.8000000000000003 -0.8 0.2 0.2 0.17500000000000002 0.0
0.8000000000000003 -0.6000000000000001 0.2 0.2 0.20625000000000002 0.0
0.8000000000000003 -0.3999999999999999 0.2 0.2 0.225 0.0
0.8000000000000003 -0.19999999999999996 0.2 0.2 0.228125 0.0
0.8000000000000003 0.0 0.2 0.2 0.21875000000000003 0.0
0.8000000000000003 0.19999999999999996 0.2 0.2 0.20312500000000003 0.0
0.8000000000000003 0.3999999999999999 0.2 0.2 0.18437500000000004 0.0
0.8000000000000003 0.6000000000000001 0.2 0.2 0.165625 0.0
0.8000000000000003 0.8000000000000003 0.2 0.2 0.15 0.0
0.8000000000000003 1.0 0.2 0.2 0.14062500000000003 0.0
0.8000000000000003 1.2000000000000002 0.2 0.2 0.14375000000000002 0.0
0.8000000000000003 1.4 0.2 0.2 0.165625 0.0
1.0 -1.6 0.2 0.2 0.16875000000000004 0.0
1.0 -1.4000000000000001 0.2 0.2 0.15312500000000004 0.0
1.0 -1.2000000000000002 0.2 0.2 0.146875 0.0
1.0 -1.0 0.2 0.2 0.15312500000000004 0.0
1.0 -0.8 0.2 0.2 0.17500000000000002 0.0
1.0 -0.6000000000000001 0.2 0.2 0.209375 0.0
1.0 -0.3999999999999999 0.2 0.2 0.225 0.0
1.0 -0.19999999999999996 0.2 0.2 0.228125 0.0
1.0 0.0 0.2 0.2 0.22187500000000002 0.0
1.0 0.19999999999999996 0.2 0.2 0.20625000000000002 0.0
1.0 0.3999999999999999 0.2 0.2 0.18750000000000003 0.0
1.0 0.6000000000000001 0.2 0.2 0.17187500000000003 0.0
1.0 0.8000000000000003 0.2 0.2 0.15625000000000003 0.0
1.0 1.0 0.2 0.2 0.15312500000000004 0.0
1.0 1.2000000000000002 0.2 0.2 0.15937500000000002 0.0
1.0 1.4 0.2 0.2 0.18125 0.0
1.2000000000000002 -1.6 0.2 0.2 0.16875000000000004 0.0
1.2000000000000002 -1.4000000000000001 0.2 0.2 0.15312500000000004 0.0
1.2000000000000002 -1.2000000000000002 0.2 0.2 0.15 0.0
1.2000000000000002 -1.0 0.2 0.2 0.15625000000000003 0.0
1.2000000000000002 -0.8 0.2 0.2 0.178125 0.0
1.2000000000000002 -0.6000000000000001 0.2 0.2 0.209375 0.0
1.2000000000000002 -0.3999999999999999 0.2 0.2 0.225 0.0
1.2000000000000002 -0.19999999999999996 0.2 0.2 0.228125 0.0
1.2000000000000002 0.0 0.2 0.2 0.22187500000000002 0.0
1.2000000000000002 0.19999999999999996 0.2 0.2 0.209375 0.0
1.2000000000000002 0.3999999999999999 0.2 0.2 0.19062500000000002 0.0
1.2000000000000002 0.6000000000000001 0.2 0.2 0.17500000000000002 0.0
1.2000000000000002 0.8000000000000003 0.2 0.2 0.1625 0.0
1.2000000000000002 1.0 0.2 0.2 0.15937500000000002 0.0
1.2000000000000002 1.2000000000000002 0.2 0.2 0.165625 0.0
1.2000000000000002 1.4 0.2 0.2 0.19062500000000002 0.0
1.4 -1.6 0.2 0.2 0.16875000000000004 0.0
1.4 -1.4000000000000001 0.2 0.2 0.15625000000000003 0.0
1.4 -1.2000000000000002 0.2 0.2 0.15 0.0
1.4 -1.0 0.2 0.2 0.15625000000000003 0.0
1.4 -0.8 0.2 0.2 0.178125 0.0
1.4 -0.6000000000000001 0.2 0.2 0.209375 0.0
1.4 -0.3999999999999999 0.2 0.2 0.225 0.0
1.4 -0.19999999999999996 0.2 0.2 0.228125 0.0
1.4 0.0 0.2 0.2 0.22187500000000002 0.0
1.4 0.19999999999999996 0.2 0.2 0.20625000000000002 0.0
1.4 0.3999999999999999 0.2 0.2 0.18750000000000003 0.0
1.4 0.6000000000000001 0.2 0.2 0.17187500000000003 0.0
1.4 0.8000000000000003 0.2 0.2 0.15937500000000002 0.0
1.4 1.0 0.2 0.2 0.15312500000000004 0.0
1.4 1.2000000000000002 0.2 0.2 0.1625 0.0
1.4 1.4 0.2 0.2 0.19062500000000002 0.0
-0.81214 0.40504 0.26098 0.17821 0.17821 0.17821 0.0 0 0 1 56.56048
-0.86462 0.6074 0.26771999999999996 0.16044 0.16044 0.16044 0.0 0 0 1 23.15595
0.66394 -1.29515 0.10133499999999998 0.10267 0.10267 0.10267 0.0 0 0 1 87.29657
0.71204 -0.03179 0.21401 0.17177 0.17177 0.17177 0.0 0 0 1 17.50584
-0.99508 0.35694 0.22861000000000006 0.05722 0.05722 0.05722 0.0 0 0 1 46.7675
0.68286 -0.66103 0.16644500000000004 0.12039 0.12039 0.12039 0.0 0 0 1 62.90468
-0.6654 0.69076 0.2573700000000001 0.18974 0.18974 0.18974 0.0 0 0 1 2.20237
0.46055 0.27532 0.13052500000000003 0.0548 0.0548 0.0548 0.0 0 0 1 88.69016
1.28373 -0.06893 0.16644 0.07663 0.07663 0.07663 0.0 0 0 1 20.89203
-1.37503 -0.3761 0.268575 0.1434 0.1434 0.1434 0.0 0 0 1 42.80714
-0.89683 -0.26631 0.21365499999999996 0.08356 0.08356 0.08356 0.0 0 0 1 35.55388
-1.36368 0.98425 0.27407000000000004 0.12314 0.12314 0.12314 0.0 0 0 1 54.31901
-0.90772 0.12649 0.27424499999999996 0.15474 0.15474 0.15474 0.0 0 0 1 30.38207
0.72139 0.23746 0.20263 0.19901 0.19901 0.19901 0.0 0 0 1 37.40073
-0.66511 -1.29687 0.04531000000000002 0.07187 0.07187 0.07187 0.0 0 0 1 34.75623
-1.04444 -0.36609 0.270695 0.16639 0.16639 0.16639 0.0 0 0 1 6.03347
0.74814 0.99346 0.08359999999999998 0.0672 0.0672 0.0672 0.0 0 0 1 43.80611
0.19168 0.69456 0.09312499999999999 0.06125 0.06125 0.06125 0.0 0 0 1 70.74016
-0.91213 0.35261 0.26698500000000003 0.13397 0.13397 0.13397 0.0 0 0 1 53.49355
-1.31818 0.55632 0.28198500000000004 0.10147 0.10147 0.10147 0.0 0 0 1 50.67398
-1.09804 0.0209 0.26671 0.10217 0.10217 0.10217 0.0 0 0 1 35.10673
0.65122 -0.00404 0.22184 0.18743 0.18743 0.18743 0.0 0 0 1 27.55107
-1.29487 0.45499 0.2638400000000001 0.09018 0.09018 0.09018 0.0 0 0 1 51.08726
-1.18954 0.87737 0.29769500000000004 0.19539 0.19539 0.19539 0.0 0 0 1 54.60939
-0.31216 1.07819 0.08677499999999999 0.0798 0.0798 0.0798 0.0 0 0 1 76.10167
0.69801 0.11203 0.17530000000000004 0.1131 0.1131 0.1131 0.0 0 0 1 77.06237
-1.1776 0.03175 0.252035 0.07282 0.07282 0.07282 0.0 0 0 1 78.61626
0.76641 0.52458 0.16551000000000002 0.16227 0.16227 0.16227 0.0 0 0 1 65.28778
-0.18559 0.6889 0.17790999999999998 0.17457 0.17457 0.17457 0.0 0 0 1 13.0735
1.29831 -0.56176 0.189995 0.16124 0.16124 0.16124 0.0 0 0 1 1.26051
-0.48064 0.49882 0.16307500000000005 0.06365 0.06365 0.06365 0.0 0 0 1 74.86888
-0.02528 -0.71401 0.11128000000000002 0.07256 0.07256 0.07256 0.0 0 0 1 4.36896
0.31845 1.3394 0.10142000000000004 0.15909 0.15909 0.15909 0.0 0 0 1 23.7512
1.06223 -0.18248 0.20299999999999999 0.14975 0.14975 0.14975 0.0 0 0 1 59.24741
-1.16811 -0.20978 0.265895 0.15679 0.15679 0.15679 0.0 0 0 1 40.20508
0.62801 1.12985 0.12968500000000002 0.17812 0.17812 0.17812 0.0 0 0 1 26.97927
0.834 1.008 0.14810500000000001 0.18996 0.18996 0.18996 0.0 0 0 1 18.99653
-0.74426 -0.57856 0.234015 0.18678 0.18678 0.18678 0.0 0 0 1 55.35084
-0.38509 -0.00377 0.208365 0.11673 0.11673 0.11673 0.0 0 0 1 11.72939
0.79217 -0.01977 0.17687499999999998 0.0975 0.0975 0.0975 0.0 0 0 1 48.43231
-0.15145 0.83262 0.10966499999999998 0.08808 0.08808 0.08808 0.0 0 0 1 19.06518
-0.95235 -0.39988 0.24808500000000003 0.15867 0.15867 0.15867 0.0 0 0 1 69.2372
-0.61244 -0.09725 0.19788499999999995 0.08327 0.08327 0.08327 0.0 0 0 1 53.94991
-0.71949 -1.19991 0.09031499999999998 0.11188 0.11188 0.11188 0.0 0 0 1 56.81456
-1.22154 -1.1676 0.15303999999999998 0.11233 0.11233 0.11233 0.0 0 0 1 10.33856
1.17486 -0.72281 0.10747000000000001 0.05869 0.05869 0.05869 0.0 0 0 1 53.19225
-1.07266 0.81605 0.28148000000000006 0.16296 0.16296 0.16296 0.0 0 0 1 15.90638
-0.31899 -0.98004 0.121415 0.14908 0.14908 0.14908 0.0 0 0 1 19.39249
0.22744 -0.78365 0.1187 0.0874 0.0874 0.0874 0.0 0 0 1 83.0834
0.72175 0.97815 0.07255500000000001 0.06386 0.06386 0.06386 0.0 0 0 1 37.97303
-0.38472 0.58277 0.21242000000000003 0.04359 0.04359 0.04359 1000 0 0 1 84.96939
-0.64258 -0.22703 0.273565 0.04713 0.04713 0.04713 1000 0 0 1 34.46597
-0.53027 0.05892 0.26327500000000004 0.0203 0.0203 0.0203 1000 0 0 1 31.6632
0.63084 0.58546 0.183125 0.0475 0.0475 0.0475 1000 0 0 1 47.95747
-0.43277 -0.42709 0.25572500000000004 0.04895 0.04895 0.04895 1000 0 0 1 51.29276
-0.0257 0.41269 0.20534000000000002 0.03568 0.03568 0.03568 1000 0 0 1 80.69175
0.4171 0.17785 0.21936000000000003 0.03247 0.03247 0.03247 1000 0 0 1 15.20236
0.65471 -0.3631 0.24242 0.03484 0.03484 0.03484 1000 0 0 1 45.41197
-0.66882 -0.81403 0.188865 0.02773 0.02773 0.02773 1000 0 0 1 32.86137
-0.427 -0.17789 0.26837 0.04924 0.04924 0.04924 1000 0 0 1 12.8955
-0.24106 -0.60974 0.22424 0.02973 0.02973 0.02973 1000 0 0 1 16.83147
-0.76486 -0.03349 0.28406500000000007 0.04313 0.04313 0.04313 1000 0 0 1 88.05086
-0.76051 0.19873 0.28037500000000004 0.042 0.042 0.042 1000 0 0 1 15.47191
-0.45169 0.12336 0.24206000000000005 0.02162 0.02162 0.02162 1000 0 0 1 38.05484
-0.4351 0.60887 0.20514000000000002 0.02903 0.02903 0.02903 1000 0 0 1 7.63635
0.55123 -0.1691 0.24331 0.03037 0.03037 0.03037 1000 0 0 1 84.26506
0.40422 -0.82116 0.19799000000000003 0.04598 0.04598 0.04598 1000 0 0 1 47.1226
-0.6581 -0.41541 0.251025 0.02705 0.02705 0.02705 1000 0 0 1 56.39577
0.4365 -0.154 0.24316 0.03007 0.03007 0.03007 1000 0 0 1 12.54753
-0.43427 -0.54382 0.224045 0.02934 0.02934 0.02934 1000 0 0 1 86.57051
-0.43419 0.19017 0.25556 0.04862 0.04862 0.04862 1000 0 0 1 1.92772
0.45405 0.4657 0.19152 0.02054 0.02054 0.02054 1000 0 0 1 44.98559
0.2315 0.61228 0.17163000000000003 0.03076 0.03076 0.03076 1000 0 0 1 12.57026
-0.34879 -0.54274 0.227435 0.03612 0.03612 0.03612 1000 0 0 1 49.16972
0.19546 0.3908 0.205305 0.04811 0.04811 0.04811 1000 0 0 1 25.36898
-0.03376 -0.82673 0.19851000000000002 0.04702 0.04702 0.04702 1000 0 0 1 62.32572
0.35534 -0.04214 0.23920500000000003 0.04091 0.04091 0.04091 1000 0 0 1 40.09149
-0.20284 0.35035 0.22346000000000005 0.04692 0.04692 0.04692 1000 0 0 1 53.10749
-0.65518 0.23394 0.26441500000000007 0.03508 0.03508 0.03508 1000 0 0 1 37.67413
0.55335 -0.35729 0.242295 0.03459 0.03459 0.03459 1000 0 0 1 79.45758
-0.39633 0.64495 0.21203000000000002 0.04281 0.04281 0.04281 1000 0 0 1 5.48117
0.58573 0.23947 0.22466000000000003 0.04307 0.04307 0.04307 1000 0 0 1 38.45709
0.61656 0.41915 0.20584 0.04918 0.04918 0.04918 1000 0 0 1 80.7434
-0.83558 0.02096 0.28625000000000006 0.0475 0.0475 0.0475 1000 0 0 1 80.60048
-0.81102 -0.7575 0.194655 0.03306 0.03306 0.03306 1000 0 0 1 80.87998
0.62018 -0.41326 0.235295 0.02059 0.02059 0.02059 1000 0 0 1 16.21806
-0.04423 -0.64314 0.22622000000000003 0.03994 0.03994 0.03994 1000 0 0 1 22.02905
-0.64077 0.3698 0.25490500000000005 0.04731 0.04731 0.04731 1000 0 0 1 47.7229
-0.42362 -0.35534 0.25545000000000007 0.0484 0.0484 0.0484 1000 0 0 1 78.1926
0.66259 -0.813 0.18672500000000003 0.02345 0.02345 0.02345 1000 0 0 1 45.19082
-0.60383 -0.01074 0.267145 0.02804 0.02804 0.02804 1000 0 0 1 3.81119
-0.37374 0.42306 0.22378499999999998 0.02257 0.02257 0.02257 1000 0 0 1 17.67971
-0.60858 0.32551 0.24336000000000005 0.02422 0.02422 0.02422 1000 0 0 1 70.56476
0.65706 -0.56764 0.22673000000000001 0.04096 0.04096 0.04096 1000 0 0 1 5.44953
0.41116 -0.36252 0.24657500000000002 0.04315 0.04315 0.04315 1000 0 0 1 9.97201
-0.56856 -0.78747 0.186065 0.02213 0.02213 0.02213 1000 0 0 1 68.16114
-0.41938 0.44237 0.23404999999999998 0.0431 0.0431 0.0431 1000 0 0 1 79.1624
-0.8258 -0.05654 0.28165500000000004 0.03831 0.03831 0.03831 1000 0 0 1 13.59287
-0.53648 0.64349 0.224775 0.0308 0.0308 0.0308 1000 0 0 1 75.6837
0.34034 0.44316 0.196455 0.03041 0.03041 0.03041 1000 0 0 1 32.21068
