-1.6 -1.6 0.2 0.2 0.296875 0.0
-1.6 -1.4000000000000001 0.2 0.2 0.28125 0.0
-1.6 -1.2000000000000002 0.2 0.2 0.265625 0.0
-1.6 -1.0 0.2 0.2 0.24687500000000004 0.0
-1.6 -0.8 0.2 0.2 0.23125000000000004 0.0
-1.6 -0.6000000000000001 0.2 0.2 0.21875000000000003 0.0
-1.6 -0.3999999999999999 0.2 0.2 0.21562500000000004 0.0
-1.6 -0.19999999999999996 0.2 0.2 0.22187500000000002 0.0
-1.6 0.0 0.2 0.2 0.23125000000000004 0.0
-1.6 0.19999999999999996 0.2 0.2 0.25 0.0
-1.6 0.3999999999999999 0.2 0.2 0.275 0.0
-1.6 0.6000000000000001 0.2 0.2 0.3031250000000001 0.0
-1.6 0.8000000000000003 0.2 0.2 0.33125000000000004 0.0
-1.6 1.0 0.2 0.2 0.3593750000000001 0.0
-1.6 1.2000000000000002 0.2 0.2 0.3812500000000001 0.0
-1.6 1.4 0.2 0.2 0.3906250000000001 0.0
-1.4000000000000001 -1.6 0.2 0.2 0.30937500000000007 0.0
-1.4000000000000001 -1.4000000000000001 0.2 0.2 0.296875 0.0
-1.4000000000000001 -1.2000000000000002 0.2 0.2 0.28125 0.0
-1.4000000000000001 -1.0 0.2 0.2 0.265625 0.0
-1.4000000000000001 -0.8 0.2 0.2 0.24687500000000004 0.0
-1.4000000000000001 -0.6000000000000001 0.2 0.2 0.23125000000000004 0.0
-1.4000000000000001 -0.3999999999999999 0.2 0.2 0.21875000000000003 0.0
-1.4000000000000001 -0.19999999999999996 0.2 0.2 0.21250000000000005 0.0
-1.4000000000000001 0.0 0.2 0.2 0.21250000000000005 0.0
-1.4000000000000001 0.19999999999999996 0.2 0.2 0.22500000000000006 0.0
-1.4000000000000001 0.3999999999999999 0.2 0.2 0.24375000000000005 0.0
-1.4000000000000001 0.6000000000000001 0.2 0.2 0.26875000000000004 0.0
-1.4000000000000001 0.8000000000000003 0.2 0.2 0.296875 0.0
-1.4000000000000001 1.0 0.2 0.2 0.32500000000000007 0.0
-1.4000000000000001 1.2000000000000002 0.2 0.2 0.3500000000000001 0.0
-1.4000000000000001 1.4 0.2 0.2 0.3656250000000001 0.0
-1.2000000000000002 -1.6 0.2 0.2 0.3125 0.0
-1.2000000000000002 -1.4000000000000001 0.2 0.2 0.30625 0.0
-1.2000000000000002 -1.2000000000000002 0.2 0.2 0.29375000000000007 0.0
-1.2000000000000002 -1.0 0.2 0.2 0.27812500000000007 0.0
-1.2000000000000002 -0.8 0.2 0.2 0.2562500000000001 0.0
-1.2000000000000002 -0.6000000000000001 0.2 0.2 0.23750000000000002 0.0
-1.2000000000000002 -0.3999999999999999 0.2 0.2 0.21562500000000004 0.0
-1.2000000000000002 -0.19999999999999996 0.2 0.2 0.20000000000000004 0.0
-1.2000000000000002 0.0 0.2 0.2 0.19062500000000002 0.0
-1.2000000000000002 0.19999999999999996 0.2 0.2 0.19375000000000006 0.0
-1.2000000000000002 0.3999999999999999 0.2 0.2 0.20312500000000003 0.0
-1.2000000000000002 0.6000000000000001 0.2 0.2 0.22500000000000006 0.0
-1.2000000000000002 0.8000000000000003 0.2 0.2 0.25 0.0
-1.2000000000000002 1.0 0.2 0.2 0.28125 0.0
-1.2000000000000002 1.2000000000000002 0.2 0.2 0.30937500000000007 0.0
-1.2000000000000002 1.4 0.2 0.2 0.328125 0.0
-1.0 -1.6 0.2 0.2 0.30625 0.0
-1.0 -1.4000000000000001 0.2 0.2 0.3031250000000001 0.0
-1.0 -1.2000000000000002 0.2 0.2 0.29375000000000007 0.0
-1.0 -1.0 0.2 0.2 0.27812500000000007 0.0
-1.0 -0.8 0.2 0.2 0.259375 0.0
-1.0 -0.6000000000000001 0.2 0.2 0.23437500000000003 0.0
-1.0 -0.3999999999999999 0.2 0.2 0.20625000000000002 0.0
-1.0 -0.19999999999999996 0.2 0.2 0.18437500000000004 0.0
-1.0 0.0 0.2 0.2 0.16562500000000005 0.0
-1.0 0.19999999999999996 0.2 0.2 0.15937500000000002 0.0
-1.0 0.3999999999999999 0.2 0.2 0.16250000000000006 0.0
-1.0 0.6000000000000001 0.2 0.2 0.17812500000000006 0.0
-1.0 0.8000000000000003 0.2 0.2 0.20312500000000003 0.0
-1.0 1.0 0.2 0.2 0.23125000000000004 0.0
-1.0 1.2000000000000002 0.2 0.2 0.26250000000000007 0.0
-1.0 1.4 0.2 0.2 0.28437500000000004 0.0
-0.8 -1.6 0.2 0.2 0.2875000000000001 0.0
-0.8 -1.4000000000000001 0.2 0.2 0.2875000000000001 0.0
-0.8 -1.2000000000000002 0.2 0.2 0.28125 0.0
-0.8 -1.0 0.2 0.2 0.265625 0.0
-0.8 -0.8 0.2 0.2 0.24687500000000004 0.0
-0.8 -0.6000000000000001 0.2 0.2 0.21875000000000003 0.0
-0.8 -0.3999999999999999 0.2 0.2 0.18750000000000003 0.0
-0.8 -0.19999999999999996 0.2 0.2 0.15937500000000002 0.0
-0.8 0.0 0.2 0.2 0.13750000000000004 0.0
-0.8 0.19999999999999996 0.2 0.2 0.12500000000000003 0.0
-0.8 0.3999999999999999 0.2 0.2 0.12812500000000002 0.0
-0.8 0.6000000000000001 0.2 0.2 0.13750000000000004 0.0
-0.8 0.8000000000000003 0.2 0.2 0.15937500000000002 0.0
-0.8 1.0 0.2 0.2 0.18750000000000003 0.0
-0.8 1.2000000000000002 0.2 0.2 0.21875000000000003 0.0
-0.8 1.4 0.2 0.2 0.24062500000000006 0.0
-0.6000000000000001 -1.6 0.2 0.2 0.259375 0.0
-0.6000000000000001 -1.4000000000000001 0.2 0.2 0.259375 0.0
-0.6000000000000001 -1.2000000000000002 0.2 0.2 0.2562500000000001 0.0
-0.6000000000000001 -1.0 0.2 0.2 0.24375000000000005 0.0
-0.6000000000000001 -0.8 0.2 0.2 0.22187500000000002 0.0
-0.6000000000000001 -0.6000000000000001 0.2 0.2 0.19687500000000005 0.0
-0.6000000000000001 -0.3999999999999999 0.2 0.2 0.16562500000000005 0.0
-0.6000000000000001 -0.19999999999999996 0.2 0.2 0.13750000000000004 0.0
-0.6000000000000001 0.0 0.2 0.2 0.115625 0.0
-0.6000000000000001 0.19999999999999996 0.2 0.2 0.10312500000000005 0.0
-0.6000000000000001 0.3999999999999999 0.2 0.2 0.1 0.0
-0.6000000000000001 0.6000000000000001 0.2 0.2 0.11250000000000002 0.0
-0.6000000000000001 0.8000000000000003 0.2 0.2 0.13125000000000006 0.0
-0.6000000000000001 1.0 0.2 0.2 0.15937500000000002 0.0
-0.6000000000000001 1.2000000000000002 0.2 0.2 0.18750000000000003 0.0
-0.6000000000000001 1.4 0.2 0.2 0.20937500000000006 0.0
-0.3999999999999999 -1.6 0.2 0.2 0.24062500000000006 0.0
-0.3999999999999999 -1.4000000000000001 0.2 0.2 0.24375000000000005 0.0
-0.3999999999999999 -1.2000000000000002 0.2 0.2 0.24062500000000006 0.0
-0.3999999999999999 -1.0 0.2 0.2 0.22812500000000005 0.0
-0.3999999999999999 -0.8 0.2 0.2 0.21250000000000005 0.0
-0.3999999999999999 -0.6000000000000001 0.2 0.2 0.18750000000000003 0.0
-0.3999999999999999 -0.3999999999999999 0.2 0.2 0.15937500000000002 0.0
-0.3999999999999999 -0.19999999999999996 0.2 0.2 0.13437500000000005 0.0
-0.3999999999999999 0.0 0.2 0.2 0.11250000000000002 0.0
-0.3999999999999999 0.19999999999999996 0.2 0.2 0.1 0.0
-0.3999999999999999 0.3999999999999999 0.2 0.2 0.1 0.0
-0.3999999999999999 0.6000000000000001 0.2 0.2 0.10625000000000004 0.0
-0.3999999999999999 0.8000000000000003 0.2 0.2 0.12500000000000003 0.0
-0.3999999999999999 1.0 0.2 0.2 0.14687500000000006 0.0
-0.3999999999999999 1.2000000000000002 0.2 0.2 0.16875000000000004 0.0
-0.3999999999999999 1.4 0.2 0.2 0.19062500000000002 0.0
-0.19999999999999996 -1.6 0.2 0.2 0.23125000000000004 0.0
-0.19999999999999996 -1.4000000000000001 0.2 0.2 0.23750000000000002 0.0
-0.19999999999999996 -1.2000000000000002 0.2 0.2 0.23437500000000003 0.0
-0.19999999999999996 -1.0 0.2 0.2 0.22812500000000005 0.0
-0.19999999999999996 -0.8 0.2 0.2 0.21250000000000005 0.0
-0.19999999999999996 -0.6000000000000001 0.2 0.2 0.19375000000000006 0.0
-0.19999999999999996 -0.3999999999999999 0.2 0.2 0.17187500000000003 0.0
-0.19999999999999996 -0.19999999999999996 0.2 0.2 0.15000000000000005 0.0
-0.19999999999999996 0.0 0.2 0.2 0.14062500000000003 0.0
-0.19999999999999996 0.19999999999999996 0.2 0.2 0.12187500000000004 0.0
-0.19999999999999996 0.3999999999999999 0.2 0.2 0.115625 0.0
-0.19999999999999996 0.6000000000000001 0.2 0.2 0.12187500000000004 0.0
-0.19999999999999996 0.8000000000000003 0.2 0.2 0.13125000000000006 0.0
-0.19999999999999996 1.0 0.2 0.2 0.14687500000000006 0.0
-0.19999999999999996 1.2000000000000002 0.2 0.2 0.16562500000000005 0.0
-0.19999999999999996 1.4 0.2 0.2 0.17812500000000006 0.0
0.0 -1.6 0.2 0.2 0.23125000000000004 0.0
0.0 -1.4000000000000001 0.2 0.2 0.23750000000000002 0.0
0.0 -1.2000000000000002 0.2 0.2 0.23750000000000002 0.0
0.0 -1.0 0.2 0.2 0.23125000000000004 0.0
0.0 -0.8 0.2 0.2 0.22187500000000002 0.0
0.0 -0.6000000000000001 0.2 0.2 0.20625000000000002 0.0
0.0 -0.3999999999999999 0.2 0.2 0.19062500000000002 0.0
0.0 -0.19999999999999996 0.2 0.2 0.16562500000000005 0.0
0.0 0.0 0.2 0.2 0.15937500000000002 0.0
0.0 0.19999999999999996 0.2 0.2 0.15312500000000004 0.0
0.0 0.3999999999999999 0.2 0.2 0.15000000000000005 0.0
0.0 0.6000000000000001 0.2 0.2 0.15000000000000005 0.0
0.0 0.8000000000000003 0.2 0.2 0.15625000000000003 0.0
0.0 1.0 0.2 0.2 0.16250000000000006 0.0
0.0 1.2000000000000002 0.2 0.2 0.16875000000000004 0.0
0.0 1.4 0.2 0.2 0.17500000000000002 0.0
0.19999999999999996 -1.6 0.2 0.2 0.23437500000000003 0.0
0.19999999999999996 -1.4000000000000001 0.2 0.2 0.24062500000000006 0.0
0.19999999999999996 -1.2000000000000002 0.2 0.2 0.24375000000000005 0.0
0.19999999999999996 -1.0 0.2 0.2 0.23750000000000002 0.0
0.19999999999999996 -0.8 0.2 0.2 0.23437500000000003 0.0
0.19999999999999996 -0.6000000000000001 0.2 0.2 0.22500000000000006 0.0
0.19999999999999996 -0.3999999999999999 0.2 0.2 0.21875000000000003 0.0
0.19999999999999996 -0.19999999999999996 0.2 0.2 0.20937500000000006 0.0
0.19999999999999996 0.0 0.2 0.2 0.20312500000000003 0.0
0.19999999999999996 0.19999999999999996 0.2 0.2 0.19687500000000005 0.0
0.19999999999999996 0.3999999999999999 0.2 0.2 0.19375000000000006 0.0
0.19999999999999996 0.6000000000000001 0.2 0.2 0.19062500000000002 0.0
0.19999999999999996 0.8000000000000003 0.2 0.2 0.18750000000000003 0.0
0.19999999999999996 1.0 0.2 0.2 0.18750000000000003 0.0
0.19999999999999996 1.2000000000000002 0.2 0.2 0.18437500000000004 0.0
0.19999999999999996 1.4 0.2 0.2 0.18125000000000005 0.0
0.3999999999999999 -1.6 0.2 0.2 0.24375000000000005 0.0
0.3999999999999999 -1.4000000000000001 0.2 0.2 0.25 0.0
0.3999999999999999 -1.2000000000000002 0.2 0.2 0.25 0.0
0.3999999999999999 -1.0 0.2 0.2 0.24687500000000004 0.0
0.3999999999999999 -0.8 0.2 0.2 0.24687500000000004 0.0
0.3999999999999999 -0.6000000000000001 0.2 0.2 0.24687500000000004 0.0
0.3999999999999999 -0.3999999999999999 0.2 0.2 0.24687500000000004 0.0
0.3999999999999999 -0.19999999999999996 0.2 0.2 0.24687500000000004 0.0
0.3999999999999999 0.0 0.2 0.2 0.25 0.0
0.3999999999999999 0.19999999999999996 0.2 0.2 0.24687500000000004 0.0
0.3999999999999999 0.3999999999999999 0.2 0.2 0.24375000000000005 0.0
0.3999999999999999 0.6000000000000001 0.2 0.2 0.23437500000000003 0.0
0.3999999999999999 0.8000000000000003 0.2 0.2 0.22812500000000005 0.0
0.3999999999999999 1.0 0.2 0.2 0.21562500000000004 0.0
0.3999999999999999 1.2000000000000002 0.2 0.2 0.20625000000000002 0.0
0.3999999999999999 1.4 0.2 0.2 0.19375000000000006 0.0
0.6000000000000001 -1.6 0.2 0.2 0.2562500000000001 0.0
0.6000000000000001 -1.4000000000000001 0.2 0.2 0.259375 0.0
0.6000000000000001 -1.2000000000000002 0.2 0.2 0.2562500000000001 0.0
0.6000000000000001 -1.0 0.2 0.2 0.2562500000000001 0.0
0.6000000000000001 -0.8 0.2 0.2 0.2562500000000001 0.0
0.6000000000000001 -0.6000000000000001 0.2 0.2 0.26250000000000007 0.0
0.6000000000000001 -0.3999999999999999 0.2 0.2 0.275 0.0
0.6000000000000001 -0.19999999999999996 0.2 0.2 0.28437500000000004 0.0
0.6000000000000001 0.0 0.2 0.2 0.290625 0.0
0.6000000000000001 0.19999999999999996 0.2 0.2 0.29375000000000007 0.0
0.6000000000000001 0.3999999999999999 0.2 0.2 0.290625 0.0
0.6000000000000001 0.6000000000000001 0.2 0.2 0.28125 0.0
0.6000000000000001 0.8000000000000003 0.2 0.2 0.26875000000000004 0.0
0.6000000000000001 1.0 0.2 0.2 0.25 0.0
0.6000000000000001 1.2000000000000002 0.2 0.2 0.22812500000000005 0.0
0.6000000000000001 1.4 0.2 0.2 0.20937500000000006 0.0
0.8000000000000003 -1.6 0.2 0.2 0.26875000000000004 0.0
0.8000000000000003 -1.4000000000000001 0.2 0.2 0.265625 0.0
0.8000000000000003 -1.2000000000000002 0.2 0.2 0.26250000000000007 0.0
0.8000000000000003 -1.0 0.2 0.2 0.259375 0.0
0.8000000000000003 -0.8 0.2 0.2 0.26250000000000007 0.0
0.8000000000000003 -0.6000000000000001 0.2 0.2 0.275 0.0
0.8000000000000003 -0.3999999999999999 0.2 0.2 0.29375000000000007 0.0
0.8000000000000003 -0.19999999999999996 0.2 0.2 0.3125 0.0
0.8000000000000003 0.0 0.2 0.2 0.328125 0.0
0.8000000000000003 0.19999999999999996 0.2 0.2 0.3343750000000001 0.0
0.8000000000000003 0.3999999999999999 0.2 0.2 0.3343750000000001 0.0
0.8000000000000003 0.6000000000000001 0.2 0.2 0.32500000000000007 0.0
0.8000000000000003 0.8000000000000003 0.2 0.2 0.3031250000000001 0.0
0.8000000000000003 1.0 0.2 0.2 0.27812500000000007 0.0
0.8000000000000003 1.2000000000000002 0.2 0.2 0.25 0.0
0.8000000000000003 1.4 0.2 0.2 0.22500000000000006 0.0
1.0 -1.6 0.2 0.2 0.275 0.0
1.0 -1.4000000000000001 0.2 0.2 0.26875000000000004 0.0
1.0 -1.2000000000000002 0.2 0.2 0.259375 0.0
1.0 -1.0 0.2 0.2 0.2562500000000001 0.0
1.0 -0.8 0.2 0.2 0.26250000000000007 0.0
1.0 -0.6000000000000001 0.2 0.2 0.27812500000000007 0.0
1.0 -0.3999999999999999 0.2 0.2 0.3031250000000001 0.0
1.0 -0.19999999999999996 0.2 0.2 0.33125000000000004 0.0
1.0 0.0 0.2 0.2 0.353125 0.0
1.0 0.19999999999999996 0.2 0.2 0.3656250000000001 0.0
1.0 0.3999999999999999 0.2 0.2 0.3656250000000001 0.0
1.0 0.6000000000000001 0.2 0.2 0.35625000000000007 0.0
1.0 0.8000000000000003 0.2 0.2 0.33125000000000004 0.0
1.0 1.0 0.2 0.2 0.3031250000000001 0.0
1.0 1.2000000000000002 0.2 0.2 0.26875000000000004 0.0
1.0 1.4 0.2 0.2 0.23437500000000003 0.0
1.2000000000000002 -1.6 0.2 0.2 0.275 0.0
1.2000000000000002 -1.4000000000000001 0.2 0.2 0.26250000000000007 0.0
1.2000000000000002 -1.2000000000000002 0.2 0.2 0.25 0.0
1.2000000000000002 -1.0 0.2 0.2 0.24375000000000005 0.0
1.2000000000000002 -0.8 0.2 0.2 0.25 0.0
1.2000000000000002 -0.6000000000000001 0.2 0.2 0.26875000000000004 0.0
1.2000000000000002 -0.3999999999999999 0.2 0.2 0.30000000000000004 0.0
1.2000000000000002 -0.19999999999999996 0.2 0.2 0.3343750000000001 0.0
1.2000000000000002 0.0 0.2 0.2 0.3593750000000001 0.0
1.2000000000000002 0.19999999999999996 0.2 0.2 0.3750000000000001 0.0
1.2000000000000002 0.3999999999999999 0.2 0.2 0.3812500000000001 0.0
1.2000000000000002 0.6000000000000001 0.2 0.2 0.36875 0.0
1.2000000000000002 0.8000000000000003 0.2 0.2 0.34687500000000004 0.0
1.2000000000000002 1.0 0.2 0.2 0.3125 0.0
1.2000000000000002 1.2000000000000002 0.2 0.2 0.275 0.0
1.2000000000000002 1.4 0.2 0.2 0.24062500000000006 0.0
1.4 -1.6 0.2 0.2 0.26250000000000007 0.0
1.4 -1.4000000000000001 0.2 0.2 0.24375000000000005 0.0
1.4 -1.2000000000000002 0.2 0.2 0.22812500000000005 0.0
1.4 -1.0 0.2 0.2 0.21875000000000003 0.0
1.4 -0.8 0.2 0.2 0.22500000000000006 0.0
1.4 -0.6000000000000001 0.2 0.2 0.24687500000000004 0.0
1.4 -0.3999999999999999 0.2 0.2 0.27812500000000007 0.0
1.4 -0.19999999999999996 0.2 0.2 0.31562500000000004 0.0
1.4 0.0 0.2 0.2 0.3437500000000001 0.0
1.4 0.19999999999999996 0.2 0.2 0.3656250000000001 0.0
1.4 0.3999999999999999 0.2 0.2 0.36875 0.0
1.4 0.6000000000000001 0.2 0.2 0.36250000000000004 0.0
1.4 0.8000000000000003 0.2 0.2 0.3375 0.0
1.4 1.0 0.2 0.2 0.30625 0.0
1.4 1.2000000000000002 0.2 0.2 0.265625 0.0
1.4 1.4 0.2 0.2 0.23125000000000004 0.0
0.57121 1.37511 0.17053500000000008 0.08482 0.08482 0.08482 0.0 0 0 1 27.83047
0.67058 0.97299 0.20494000000000004 0.07238 0.07238 0.07238 0.0 0 0 1 44.7491
-1.07908 0.6085 0.24114000000000005 0.14478 0.14478 0.14478 0.0 0 0 1 79.83343
-1.26825 1.00438 0.34664000000000006 0.17453 0.17453 0.17453 0.0 0 0 1 78.14554
-0.80613 0.30031 0.15844000000000005 0.19188 0.19188 0.19188 0.0 0 0 1 75.06044
0.02417 -0.61023 0.19471999999999998 0.14569 0.14569 0.14569 0.0 0 0 1 71.19239
0.01715 -1.24579 0.18926 0.10352 0.10352 0.10352 0.0 0 0 1 17.27895
-0.28085 -0.33906 0.16547000000000003 0.18719 0.18719 0.18719 0.0 0 0 1 21.26858
0.86256 -0.68671 0.22604 0.10208 0.10208 0.10208 0.0 0 0 1 47.75924
0.7006 -0.18821 0.22574000000000002 0.08273 0.08273 0.08273 0.0 0 0 1 36.22444
1.23176 1.31088 0.201265 0.05253 0.05253 0.05253 0.0 0 0 1 80.05459
1.18874 -0.85737 0.25392000000000003 0.18284 0.18284 0.18284 0.0 0 0 1 39.29342
-1.24935 -0.86179 0.260155 0.16406 0.16406 0.16406 0.0 0 0 1 47.56345
-0.0348 0.60943 0.09874500000000005 0.09749 0.09749 0.09749 0.0 0 0 1 17.27372
0.70038 -0.69537 0.2607950000000001 0.19659 0.19659 0.19659 0.0 0 0 1 42.27596
-0.43958 1.18164 0.11953000000000003 0.06406 0.06406 0.06406 0.0 0 0 1 70.01473
-0.69802 -0.94427 0.27305500000000005 0.18986 0.18986 0.18986 0.0 0 0 1 15.97921
0.49745 -1.12017 0.2151950000000001 0.11789 0.11789 0.11789 0.0 0 0 1 73.22593
-0.80906 1.17272 0.20595000000000005 0.0869 0.0869 0.0869 0.0 0 0 1 81.52569
0.0699 0.41154 0.17124000000000003 0.15498 0.15498 0.15498 0.0 0 0 1 80.35087
1.12992 0.94236 0.25883 0.05516 0.05516 0.05516 0.0 0 0 1 11.20827
0.06883 0.38269 0.08966500000000002 0.07308 0.07308 0.07308 0.0 0 0 1 35.38771
-1.30928 0.49956 0.24645000000000003 0.1429 0.1429 0.1429 0.0 0 0 1 36.27062
0.19047 -1.11645 0.23391000000000003 0.18032 0.18032 0.18032 0.0 0 0 1 86.56814
-0.5666 -0.61223 0.23236000000000004 0.17097 0.17097 0.17097 0.0 0 0 1 67.97036
1.18717 0.02611 0.32357000000000014 0.12839 0.12839 0.12839 0.0 0 0 1 78.83649
-0.11119 0.39474 0.11107000000000003 0.11589 0.11589 0.11589 0.0 0 0 1 36.62658
-1.11389 -0.91241 0.20907500000000004 0.0619 0.0619 0.0619 0.0 0 0 1 27.64145
0.15218 -0.74068 0.18481500000000003 0.10088 0.10088 0.10088 0.0 0 0 1 58.53765
0.69063 -1.35533 0.200215 0.08168 0.08168 0.08168 0.0 0 0 1 84.04107
0.23439 -0.45904 0.24418000000000004 0.19461 0.19461 0.19461 0.0 0 0 1 53.55966
0.05127 -0.55929 0.13489 0.05728 0.05728 0.05728 0.0 0 0 1 72.14086
0.52723 -1.29006 0.217205 0.11566 0.11566 0.11566 0.0 0 0 1 6.88981
-0.36168 1.25078 0.17678000000000002 0.17231 0.17231 0.17231 0.0 0 0 1 52.60722
0.5778 -0.59243 0.24738000000000007 0.16976 0.16976 0.16976 0.0 0 0 1 19.78224
0.39293 -0.49228 0.20761000000000004 0.12147 0.12147 0.12147 0.0 0 0 1 66.95202
-1.14412 0.85396 0.275555 0.15736 0.15736 0.15736 0.0 0 0 1 25.94443
-1.0683 -0.94096 0.23143000000000005 0.10661 0.10661 0.10661 0.0 0 0 1 54.64462
0.18097 1.38766 0.17050500000000005 0.17226 0.17226 0.17226 0.0 0 0 1 41.06045
0.64431 0.76392 0.3158550000000001 0.18171 0.18171 0.18171 0.0 0 0 1 51.97798
-0.15235 -1.00505 0.22654000000000005 0.17183 0.17183 0.17183 0.0 0 0 1 10.18472
0.85174 -0.39558 0.2902100000000001 0.17417 0.17417 0.17417 0.0 0 0 1 24.80627
-1.1336 0.48773 0.17760500000000004 0.06771 0.06771 0.06771 0.0 0 0 1 48.88726
-1.02083 -0.19738 0.18674500000000002 0.17349 0.17349 0.17349 0.0 0 0 1 74.25518
-0.09497 0.87131 0.06947000000000006 0.07644 0.07644 0.07644 0.0 0 0 1 66.05056
1.17953 0.91244 0.31094 0.12813 0.12813 0.12813 0.0 0 0 1 40.09552
-1.09028 0.52891 0.22616000000000006 0.16482 0.16482 0.16482 0.0 0 0 1 42.60437
0.23212 -0.66848 0.18500000000000003 0.10125 0.10125 0.10125 0.0 0 0 1 18.94187
-0.40061 1.25939 0.14829500000000004 0.12159 0.12159 0.12159 0.0 0 0 1 50.36099
0.06434 1.3146 0.10882500000000003 0.08015 0.08015 0.08015 0.0 0 0 1 79.449
-0.20163 0.62256 0.14630000000000004 0.04885 0.04885 0.04885 1000 0 0 1 78.17798
-0.25171 -0.80608 0.23161000000000004 0.03822 0.03822 0.03822 1000 0 0 1 55.81455
-0.24615 -0.45274 0.18991000000000002 0.03607 0.03607 0.03607 1000 0 0 1 67.49266
-0.36199 -0.73702 0.22569000000000006 0.02638 0.02638 0.02638 1000 0 0 1 75.17487
0.37718 -0.03342 0.27482 0.04964 0.04964 0.04964 1000 0 0 1 61.63215
-0.41633 0.19714 0.11363000000000001 0.02726 0.02726 0.02726 1000 0 0 1 45.41142
0.44922 0.35646 0.26677500000000004 0.04605 0.04605 0.04605 1000 0 0 1 70.01177
0.53369 0.61821 0.29141 0.02032 0.02032 0.02032 1000 0 0 1 86.48059
-0.85406 -0.73781 0.25889000000000006 0.02403 0.02403 0.02403 1000 0 0 1 64.66811
-0.77854 0.56765 0.14820500000000003 0.02141 0.02141 0.02141 1000 0 0 1 22.76341
-0.34283 -0.83739 0.22749500000000006 0.02999 0.02999 0.02999 1000 0 0 1 33.70985
-0.23759 0.55316 0.14192500000000002 0.0401 0.0401 0.0401 1000 0 0 1 55.54236
-0.77269 -0.58285 0.23521500000000004 0.03293 0.03293 0.03293 1000 0 0 1 71.00805
-0.76083 -0.75667 0.26324500000000006 0.03274 0.03274 0.03274 1000 0 0 1 50.3976
0.20437 0.42085 0.21677000000000007 0.04604 0.04604 0.04604 1000 0 0 1 32.59404
-0.41088 -0.79706 0.23696000000000006 0.04892 0.04892 0.04892 1000 0 0 1 52.70614
0.33887 0.15771 0.26244000000000006 0.03113 0.03113 0.03113 1000 0 0 1 74.08871
-0.16245 -0.59161 0.20859500000000006 0.02969 0.02969 0.02969 1000 0 0 1 10.69644
-0.45827 -0.58215 0.20408500000000002 0.03317 0.03317 0.03317 1000 0 0 1 30.83373
-0.55964 -0.34079 0.18368000000000007 0.03611 0.03611 0.03611 1000 0 0 1 80.21529
-0.34277 0.05203 0.12837 0.03174 0.03174 0.03174 1000 0 0 1 68.40238
-0.66026 0.59117 0.13165000000000002 0.0383 0.0383 0.0383 1000 0 0 1 40.81076
-0.60623 0.35265 0.11096500000000001 0.02193 0.02193 0.02193 1000 0 0 1 14.35305
-0.4509 0.23992 0.11904500000000001 0.03809 0.03809 0.03809 1000 0 0 1 51.28135
0.59386 0.34993 0.30963 0.03801 0.03801 0.03801 1000 0 0 1 85.8415
-0.18935 0.36858 0.12840000000000001 0.02555 0.02555 0.02555 1000 0 0 1 70.0205
-0.39736 0.64611 0.12478500000000003 0.03707 0.03707 0.03707 1000 0 0 1 79.11004
0.18677 0.65437 0.21283500000000002 0.04442 0.04442 0.04442 1000 0 0 1 50.72575
-0.45049 0.63022 0.12698500000000004 0.04147 0.04147 0.04147 1000 0 0 1 26.78605
-0.74122 0.57409 0.15592000000000003 0.03684 0.03684 0.03684 1000 0 0 1 80.96344
0.34309 -0.77672 0.26720000000000005 0.04065 0.04065 0.04065 1000 0 0 1 17.0768
-0.16455 -0.80536 0.22766000000000006 0.03032 0.03032 0.03032 1000 0 0 1 32.49017
-0.45232 0.18612 0.11674000000000001 0.03348 0.03348 0.03348 1000 0 0 1 85.96259
-0.36804 0.4417 0.12463500000000001 0.04927 0.04927 0.04927 1000 0 0 1 47.34764
0.37806 0.45759 0.26324500000000006 0.03899 0.03899 0.03899 1000 0 0 1 25.06746
0.39651 0.56881 0.258705 0.04866 0.04866 0.04866 1000 0 0 1 44.74633
-0.41142 -0.35241 0.179375 0.04 0.04 0.04 1000 0 0 1 34.79816
0.22944 0.59271 0.204665 0.02808 0.02808 0.02808 1000 0 0 1 13.02809
0.12441 -0.64922 0.23504500000000006 0.02009 0.02009 0.02009 1000 0 0 1 55.47394
0.5604 0.16799 0.30708500000000005 0.02667 0.02667 0.02667 1000 0 0 1 18.70295
0.17854 0.56609 0.20417500000000002 0.0271 0.0271 0.0271 1000 0 0 1 39.63883
-0.38198 0.56762 0.12830000000000003 0.0441 0.0441 0.0441 1000 0 0 1 53.70261
0.4305 -0.04066 0.267105 0.03421 0.03421 0.03421 1000 0 0 1 72.16248
0.60609 -0.05135 0.31345 0.04565 0.04565 0.04565 1000 0 0 1 29.81476
-0.79558 -0.22479 0.18330500000000002 0.04786 0.04786 0.04786 1000 0 0 1 62.25211
-0.80298 -0.43409 0.20876000000000003 0.04252 0.04252 0.04252 1000 0 0 1 63.04779
-0.40015 0.35504 0.11045500000000001 0.02091 0.02091 0.02091 1000 0 0 1 83.42966
-0.58595 -0.2198 0.14930500000000005 0.02361 0.02361 0.02361 1000 0 0 1 25.90044
-0.39026 -0.0225 0.13695000000000002 0.0489 0.0489 0.0489 1000 0 0 1 78.88377
0.53609 -0.17452 0.29659 0.02443 0.02443 0.02443 1000 0 0 1 75.03524
