-1.6 -1.6 0.2 0.2 0.31562500000000004 0.0
-1.6 -1.4000000000000001 0.2 0.2 0.30625 0.0
-1.6 -1.2000000000000002 0.2 0.2 0.29374999999999996 0.0
-1.6 -1.0 0.2 0.2 0.28125 0.0
-1.6 -0.8 0.2 0.2 0.271875 0.0
-1.6 -0.6000000000000001 0.2 0.2 0.275 0.0
-1.6 -0.3999999999999999 0.2 0.2 0.28437500000000004 0.0
-1.6 -0.19999999999999996 0.2 0.2 0.296875 0.0
-1.6 0.0 0.2 0.2 0.30625 0.0
-1.6 0.19999999999999996 0.2 0.2 0.30937499999999996 0.0
-1.6 0.3999999999999999 0.2 0.2 0.30937499999999996 0.0
-1.6 0.6000000000000001 0.2 0.2 0.303125 0.0
-1.6 0.8000000000000003 0.2 0.2 0.2875 0.0
-1.6 1.0 0.2 0.2 0.26875000000000004 0.0
-1.6 1.2000000000000002 0.2 0.2 0.24687499999999998 0.0
-1.6 1.4 0.2 0.2 0.225 0.0
-1.4000000000000001 -1.6 0.2 0.2 0.33125000000000004 0.0
-1.4000000000000001 -1.4000000000000001 0.2 0.2 0.321875 0.0
-1.4000000000000001 -1.2000000000000002 0.2 0.2 0.30937499999999996 0.0
-1.4000000000000001 -1.0 0.2 0.2 0.29374999999999996 0.0
-1.4000000000000001 -0.8 0.2 0.2 0.2875 0.0
-1.4000000000000001 -0.6000000000000001 0.2 0.2 0.290625 0.0
-1.4000000000000001 -0.3999999999999999 0.2 0.2 0.296875 0.0
-1.4000000000000001 -0.19999999999999996 0.2 0.2 0.30625 0.0
-1.4000000000000001 0.0 0.2 0.2 0.3125 0.0
-1.4000000000000001 0.19999999999999996 0.2 0.2 0.3125 0.0
-1.4000000000000001 0.3999999999999999 0.2 0.2 0.30937499999999996 0.0
-1.4000000000000001 0.6000000000000001 0.2 0.2 0.30000000000000004 0.0
-1.4000000000000001 0.8000000000000003 0.2 0.2 0.28125 0.0
-1.4000000000000001 1.0 0.2 0.2 0.26249999999999996 0.0
-1.4000000000000001 1.2000000000000002 0.2 0.2 0.23750000000000002 0.0
-1.4000000000000001 1.4 0.2 0.2 0.21562499999999998 0.0
-1.2000000000000002 -1.6 0.2 0.2 0.34375 0.0
-1.2000000000000002 -1.4000000000000001 0.2 0.2 0.33125000000000004 0.0
-1.2000000000000002 -1.2000000000000002 0.2 0.2 0.31562500000000004 0.0
-1.2000000000000002 -1.0 0.2 0.2 0.303125 0.0
-1.2000000000000002 -0.8 0.2 0.2 0.29374999999999996 0.0
-1.2000000000000002 -0.6000000000000001 0.2 0.2 0.296875 0.0
-1.2000000000000002 -0.3999999999999999 0.2 0.2 0.303125 0.0
-1.2000000000000002 -0.19999999999999996 0.2 0.2 0.30937499999999996 0.0
-1.2000000000000002 0.0 0.2 0.2 0.31562500000000004 0.0
-1.2000000000000002 0.19999999999999996 0.2 0.2 0.31562500000000004 0.0
-1.2000000000000002 0.3999999999999999 0.2 0.2 0.30937499999999996 0.0
-1.2000000000000002 0.6000000000000001 0.2 0.2 0.30000000000000004 0.0
-1.2000000000000002 0.8000000000000003 0.2 0.2 0.28125 0.0
-1.2000000000000002 1.0 0.2 0.2 0.259375 0.0
-1.2000000000000002 1.2000000000000002 0.2 0.2 0.23750000000000002 0.0
-1.2000000000000002 1.4 0.2 0.2 0.21562499999999998 0.0
-1.0 -1.6 0.2 0.2 0.34687500000000004 0.0
-1.0 -1.4000000000000001 0.2 0.2 0.33125000000000004 0.0
-1.0 -1.2000000000000002 0.2 0.2 0.31562500000000004 0.0
-1.0 -1.0 0.2 0.2 0.296875 0.0
-1.0 -0.8 0.2 0.2 0.2875 0.0
-1.0 -0.6000000000000001 0.2 0.2 0.290625 0.0
-1.0 -0.3999999999999999 0.2 0.2 0.296875 0.0
-1.0 -0.19999999999999996 0.2 0.2 0.30625 0.0
-1.0 0.0 0.2 0.2 0.3125 0.0
-1.0 0.19999999999999996 0.2 0.2 0.31562500000000004 0.0
-1.0 0.3999999999999999 0.2 0.2 0.3125 0.0
-1.0 0.6000000000000001 0.2 0.2 0.30000000000000004 0.0
-1.0 0.8000000000000003 0.2 0.2 0.2875 0.0
-1.0 1.0 0.2 0.2 0.265625 0.0
-1.0 1.2000000000000002 0.2 0.2 0.24375 0.0
-1.0 1.4 0.2 0.2 0.225 0.0
-0.8 -1.6 0.2 0.2 0.3375 0.0
-0.8 -1.4000000000000001 0.2 0.2 0.31875 0.0
-0.8 -1.2000000000000002 0.2 0.2 0.296875 0.0
-0.8 -1.0 0.2 0.2 0.27812499999999996 0.0
-0.8 -0.8 0.2 0.2 0.265625 0.0
-0.8 -0.6000000000000001 0.2 0.2 0.26875000000000004 0.0
-0.8 -0.3999999999999999 0.2 0.2 0.27812499999999996 0.0
-0.8 -0.19999999999999996 0.2 0.2 0.290625 0.0
-0.8 0.0 0.2 0.2 0.303125 0.0
-0.8 0.19999999999999996 0.2 0.2 0.30937499999999996 0.0
-0.8 0.3999999999999999 0.2 0.2 0.3125 0.0
-0.8 0.6000000000000001 0.2 0.2 0.30937499999999996 0.0
-0.8 0.8000000000000003 0.2 0.2 0.296875 0.0
-0.8 1.0 0.2 0.2 0.28437500000000004 0.0
-0.8 1.2000000000000002 0.2 0.2 0.265625 0.0
-0.8 1.4 0.2 0.2 0.24375 0.0
-0.6000000000000001 -1.6 0.2 0.2 0.31875 0.0
-0.6000000000000001 -1.4000000000000001 0.2 0.2 0.296875 0.0
-0.6000000000000001 -1.2000000000000002 0.2 0.2 0.26875000000000004 0.0
-0.6000000000000001 -1.0 0.2 0.2 0.24687499999999998 0.0
-0.6000000000000001 -0.8 0.2 0.2 0.23437500000000003 0.0
-0.6000000000000001 -0.6000000000000001 0.2 0.2 0.23750000000000002 0.0
-0.6000000000000001 -0.3999999999999999 0.2 0.2 0.25 0.0
-0.6000000000000001 -0.19999999999999996 0.2 0.2 0.265625 0.0
-0.6000000000000001 0.0 0.2 0.2 0.28437500000000004 0.0
-0.6000000000000001 0.19999999999999996 0.2 0.2 0.30000000000000004 0.0
-0.6000000000000001 0.3999999999999999 0.2 0.2 0.3125 0.0
-0.6000000000000001 0.6000000000000001 0.2 0.2 0.31875 0.0
-0.6000000000000001 0.8000000000000003 0.2 0.2 0.31875 0.0
-0.6000000000000001 1.0 0.2 0.2 0.30937499999999996 0.0
-0.6000000000000001 1.2000000000000002 0.2 0.2 0.296875 0.0
-0.6000000000000001 1.4 0.2 0.2 0.27812499999999996 0.0
-0.3999999999999999 -1.6 0.2 0.2 0.303125 0.0
-0.3999999999999999 -1.4000000000000001 0.2 0.2 0.27812499999999996 0.0
-0.3999999999999999 -1.2000000000000002 0.2 0.2 0.25 0.0
-0.3999999999999999 -1.0 0.2 0.2 0.225 0.0
-0.3999999999999999 -0.8 0.2 0.2 0.2125 0.0
-0.3999999999999999 -0.6000000000000001 0.2 0.2 0.2125 0.0
-0.3999999999999999 -0.3999999999999999 0.2 0.2 0.228125 0.0
-0.3999999999999999 -0.19999999999999996 0.2 0.2 0.24687499999999998 0.0
-0.3999999999999999 0.0 0.2 0.2 0.271875 0.0
-0.3999999999999999 0.19999999999999996 0.2 0.2 0.29374999999999996 0.0
-0.3999999999999999 0.3999999999999999 0.2 0.2 0.3125 0.0
-0.3999999999999999 0.6000000000000001 0.2 0.2 0.328125 0.0
-0.3999999999999999 0.8000000000000003 0.2 0.2 0.3375 0.0
-0.3999999999999999 1.0 0.2 0.2 0.3375 0.0
-0.3999999999999999 1.2000000000000002 0.2 0.2 0.33125000000000004 0.0
-0.3999999999999999 1.4 0.2 0.2 0.31875 0.0
-0.19999999999999996 -1.6 0.2 0.2 0.290625 0.0
-0.19999999999999996 -1.4000000000000001 0.2 0.2 0.265625 0.0
-0.19999999999999996 -1.2000000000000002 0.2 0.2 0.240625 0.0
-0.19999999999999996 -1.0 0.2 0.2 0.21875000000000003 0.0
-0.19999999999999996 -0.8 0.2 0.2 0.20312500000000003 0.0
-0.19999999999999996 -0.6000000000000001 0.2 0.2 0.20312500000000003 0.0
-0.19999999999999996 -0.3999999999999999 0.2 0.2 0.2125 0.0
-0.19999999999999996 -0.19999999999999996 0.2 0.2 0.23750000000000002 0.0
-0.19999999999999996 0.0 0.2 0.2 0.25 0.0
-0.19999999999999996 0.19999999999999996 0.2 0.2 0.28437500000000004 0.0
-0.19999999999999996 0.3999999999999999 0.2 0.2 0.30937499999999996 0.0
-0.19999999999999996 0.6000000000000001 0.2 0.2 0.334375 0.0
-0.19999999999999996 0.8000000000000003 0.2 0.2 0.35 0.0
-0.19999999999999996 1.0 0.2 0.2 0.359375 0.0
-0.19999999999999996 1.2000000000000002 0.2 0.2 0.36249999999999993 0.0
-0.19999999999999996 1.4 0.2 0.2 0.35624999999999996 0.0
0.0 -1.6 0.2 0.2 0.28125 0.0
0.0 -1.4000000000000001 0.2 0.2 0.259375 0.0
0.0 -1.2000000000000002 0.2 0.2 0.240625 0.0
0.0 -1.0 0.2 0.2 0.21875000000000003 0.0
0.0 -0.8 0.2 0.2 0.20312500000000003 0.0
0.0 -0.6000000000000001 0.2 0.2 0.19999999999999998 0.0
0.0 -0.3999999999999999 0.2 0.2 0.20625000000000002 0.0
0.0 -0.19999999999999996 0.2 0.2 0.23124999999999998 0.0
0.0 0.0 0.2 0.2 0.24375 0.0
0.0 0.19999999999999996 0.2 0.2 0.271875 0.0
0.0 0.3999999999999999 0.2 0.2 0.303125 0.0
0.0 0.6000000000000001 0.2 0.2 0.33125000000000004 0.0
0.0 0.8000000000000003 0.2 0.2 0.353125 0.0
0.0 1.0 0.2 0.2 0.375 0.0
0.0 1.2000000000000002 0.2 0.2 0.384375 0.0
0.0 1.4 0.2 0.2 0.384375 0.0
0.19999999999999996 -1.6 0.2 0.2 0.275 0.0
0.19999999999999996 -1.4000000000000001 0.2 0.2 0.26249999999999996 0.0
0.19999999999999996 -1.2000000000000002 0.2 0.2 0.24375 0.0
0.19999999999999996 -1.0 0.2 0.2 0.228125 0.0
0.19999999999999996 -0.8 0.2 0.2 0.21562499999999998 0.0
0.19999999999999996 -0.6000000000000001 0.2 0.2 0.20625000000000002 0.0
0.19999999999999996 -0.3999999999999999 0.2 0.2 0.20625000000000002 0.0
0.19999999999999996 -0.19999999999999996 0.2 0.2 0.21562499999999998 0.0
0.19999999999999996 0.0 0.2 0.2 0.23437500000000003 0.0
0.19999999999999996 0.19999999999999996 0.2 0.2 0.25625 0.0
0.19999999999999996 0.3999999999999999 0.2 0.2 0.2875 0.0
0.19999999999999996 0.6000000000000001 0.2 0.2 0.31562500000000004 0.0
0.19999999999999996 0.8000000000000003 0.2 0.2 0.34687500000000004 0.0
0.19999999999999996 1.0 0.2 0.2 0.375 0.0
0.19999999999999996 1.2000000000000002 0.2 0.2 0.39374999999999993 0.0
0.19999999999999996 1.4 0.2 0.2 0.4 0.0
0.3999999999999999 -1.6 0.2 0.2 0.271875 0.0
0.3999999999999999 -1.4000000000000001 0.2 0.2 0.265625 0.0
0.3999999999999999 -1.2000000000000002 0.2 0.2 0.25625 0.0
0.3999999999999999 -1.0 0.2 0.2 0.24375 0.0
0.3999999999999999 -0.8 0.2 0.2 0.23124999999999998 0.0
0.3999999999999999 -0.6000000000000001 0.2 0.2 0.21562499999999998 0.0
0.3999999999999999 -0.3999999999999999 0.2 0.2 0.209375 0.0
0.3999999999999999 -0.19999999999999996 0.2 0.2 0.209375 0.0
0.3999999999999999 0.0 0.2 0.2 0.21875000000000003 0.0
0.3999999999999999 0.19999999999999996 0.2 0.2 0.23750000000000002 0.0
0.3999999999999999 0.3999999999999999 0.2 0.2 0.26249999999999996 0.0
0.3999999999999999 0.6000000000000001 0.2 0.2 0.29374999999999996 0.0
0.3999999999999999 0.8000000000000003 0.2 0.2 0.328125 0.0
0.3999999999999999 1.0 0.2 0.2 0.359375 0.0
0.3999999999999999 1.2000000000000002 0.2 0.2 0.384375 0.0
0.3999999999999999 1.4 0.2 0.2 0.4 0.0
0.6000000000000001 -1.6 0.2 0.2 0.26875000000000004 0.0
0.6000000000000001 -1.4000000000000001 0.2 0.2 0.271875 0.0
0.6000000000000001 -1.2000000000000002 0.2 0.2 0.26875000000000004 0.0
0.6000000000000001 -1.0 0.2 0.2 0.26249999999999996 0.0
0.6000000000000001 -0.8 0.2 0.2 0.24687499999999998 0.0
0.6000000000000001 -0.6000000000000001 0.2 0.2 0.23124999999999998 0.0
0.6000000000000001 -0.3999999999999999 0.2 0.2 0.21562499999999998 0.0
0.6000000000000001 -0.19999999999999996 0.2 0.2 0.20625000000000002 0.0
0.6000000000000001 0.0 0.2 0.2 0.20312500000000003 0.0
0.6000000000000001 0.19999999999999996 0.2 0.2 0.21562499999999998 0.0
0.6000000000000001 0.3999999999999999 0.2 0.2 0.23437500000000003 0.0
0.6000000000000001 0.6000000000000001 0.2 0.2 0.26249999999999996 0.0
0.6000000000000001 0.8000000000000003 0.2 0.2 0.296875 0.0
0.6000000000000001 1.0 0.2 0.2 0.33125000000000004 0.0
0.6000000000000001 1.2000000000000002 0.2 0.2 0.365625 0.0
0.6000000000000001 1.4 0.2 0.2 0.38749999999999996 0.0
0.8000000000000003 -1.6 0.2 0.2 0.26875000000000004 0.0
0.8000000000000003 -1.4000000000000001 0.2 0.2 0.275 0.0
0.8000000000000003 -1.2000000000000002 0.2 0.2 0.28125 0.0
0.8000000000000003 -1.0 0.2 0.2 0.27812499999999996 0.0
0.8000000000000003 -0.8 0.2 0.2 0.265625 0.0
0.8000000000000003 -0.6000000000000001 0.2 0.2 0.24375 0.0
0.8000000000000003 -0.3999999999999999 0.2 0.2 0.21875000000000003 0.0
0.8000000000000003 -0.19999999999999996 0.2 0.2 0.196875 0.0
0.8000000000000003 0.0 0.2 0.2 0.18750000000000003 0.0
0.8000000000000003 0.19999999999999996 0.2 0.2 0.18750000000000003 0.0
0.8000000000000003 0.3999999999999999 0.2 0.2 0.19999999999999998 0.0
0.8000000000000003 0.6000000000000001 0.2 0.2 0.225 0.0
0.8000000000000003 0.8000000000000003 0.2 0.2 0.25625 0.0
0.8000000000000003 1.0 0.2 0.2 0.29374999999999996 0.0
0.8000000000000003 1.2000000000000002 0.2 0.2 0.33125000000000004 0.0
0.8000000000000003 1.4 0.2 0.2 0.359375 0.0
1.0 -1.6 0.2 0.2 0.265625 0.0
1.0 -1.4000000000000001 0.2 0.2 0.27812499999999996 0.0
1.0 -1.2000000000000002 0.2 0.2 0.2875 0.0
1.0 -1.0 0.2 0.2 0.2875 0.0
1.0 -0.8 0.2 0.2 0.27812499999999996 0.0
1.0 -0.6000000000000001 0.2 0.2 0.25 0.0
1.0 -0.3999999999999999 0.2 0.2 0.21875000000000003 0.0
1.0 -0.19999999999999996 0.2 0.2 0.18750000000000003 0.0
1.0 0.0 0.2 0.2 0.16874999999999998 0.0
1.0 0.19999999999999996 0.2 0.2 0.15937500000000002 0.0
1.0 0.3999999999999999 0.2 0.2 0.165625 0.0
1.0 0.6000000000000001 0.2 0.2 0.18437499999999998 0.0
1.0 0.8000000000000003 0.2 0.2 0.2125 0.0
1.0 1.0 0.2 0.2 0.25312500000000004 0.0
1.0 1.2000000000000002 0.2 0.2 0.290625 0.0
1.0 1.4 0.2 0.2 0.321875 0.0
1.2000000000000002 -1.6 0.2 0.2 0.259375 0.0
1.2000000000000002 -1.4000000000000001 0.2 0.2 0.275 0.0
1.2000000000000002 -1.2000000000000002 0.2 0.2 0.2875 0.0
1.2000000000000002 -1.0 0.2 0.2 0.290625 0.0
1.2000000000000002 -0.8 0.2 0.2 0.27812499999999996 0.0
1.2000000000000002 -0.6000000000000001 0.2 0.2 0.24687499999999998 0.0
1.2000000000000002 -0.3999999999999999 0.2 0.2 0.209375 0.0
1.2000000000000002 -0.19999999999999996 0.2 0.2 0.17500000000000002 0.0
1.2000000000000002 0.0 0.2 0.2 0.146875 0.0
1.2000000000000002 0.19999999999999996 0.2 0.2 0.13125 0.0
1.2000000000000002 0.3999999999999999 0.2 0.2 0.12812500000000002 0.0
1.2000000000000002 0.6000000000000001 0.2 0.2 0.14375000000000002 0.0
1.2000000000000002 0.8000000000000003 0.2 0.2 0.17187500000000003 0.0
1.2000000000000002 1.0 0.2 0.2 0.209375 0.0
1.2000000000000002 1.2000000000000002 0.2 0.2 0.25 0.0
1.2000000000000002 1.4 0.2 0.2 0.28437500000000004 0.0
1.4 -1.6 0.2 0.2 0.24687499999999998 0.0
1.4 -1.4000000000000001 0.2 0.2 0.265625 0.0
1.4 -1.2000000000000002 0.2 0.2 0.275 0.0
1.4 -1.0 0.2 0.2 0.275 0.0
1.4 -0.8 0.2 0.2 0.26249999999999996 0.0
1.4 -0.6000000000000001 0.2 0.2 0.23124999999999998 0.0
1.4 -0.3999999999999999 0.2 0.2 0.19375 0.0
1.4 -0.19999999999999996 0.2 0.2 0.15312499999999998 0.0
1.4 0.0 0.2 0.2 0.12187499999999998 0.0
1.4 0.19999999999999996 0.2 0.2 0.103125 0.0
1.4 0.3999999999999999 0.2 0.2 0.1 0.0
1.4 0.6000000000000001 0.2 0.2 0.11250000000000002 0.0
1.4 0.8000000000000003 0.2 0.2 0.14062499999999997 0.0
1.4 1.0 0.2 0.2 0.178125 0.0
1.4 1.2000000000000002 0.2 0.2 0.21875000000000003 0.0
1.4 1.4 0.2 0.2 0.25625 0.0
-0.89143 -0.52416 0.23120000000000004 0.08115 0.08115 0.08115 0.0 0 0 1 74.74877
-0.7164 -0.60915 0.23099499999999998 0.08699 0.08699 0.08699 0.0 0 0 1 8.7942
0.56783 0.25713 0.17250000000000001 0.07 0.07 0.07 0.0 0 0 1 23.82953
0.4335 0.29122 0.24670999999999996 0.16842 0.16842 0.16842 0.0 0 0 1 68.26907
-0.51018 -0.35454 0.25419499999999995 0.15214 0.15214 0.15214 0.0 0 0 1 17.06451
0.18581 -1.2989 0.22687999999999994 0.12876 0.12876 0.12876 0.0 0 0 1 56.16788
-1.18124 -0.41621 0.28569500000000003 0.16514 0.16514 0.16514 0.0 0 0 1 26.01913
1.10611 1.00065 0.20430500000000004 0.10236 0.10236 0.10236 0.0 0 0 1 23.52981
-0.57708 0.87506 0.3042 0.1709 0.1709 0.1709 0.0 0 0 1 3.87795
1.32843 -0.97872 0.24835500000000002 0.11546 0.11546 0.11546 0.0 0 0 1 82.49687
0.70152 -0.14509 0.15193500000000001 0.09137 0.09137 0.09137 0.0 0 0 1 55.32287
0.85065 0.30261 0.20367999999999994 0.17611 0.17611 0.17611 0.0 0 0 1 3.43605
-0.24508 0.40498 0.27003 0.11506 0.11506 0.11506 0.0 0 0 1 68.16201
1.39463 0.53008 0.12222000000000002 0.15694 0.15694 0.15694 0.0 0 0 1 32.17264
1.25334 1.11427 0.22956500000000005 0.15288 0.15288 0.15288 0.0 0 0 1 63.26461
-0.7289 -1.00892 0.314875 0.1985 0.1985 0.1985 0.0 0 0 1 53.95771
-0.49976 0.62241 0.28302499999999997 0.1098 0.1098 0.1098 0.0 0 0 1 33.6321
-0.6283 1.23498 0.22509500000000002 0.05644 0.05644 0.05644 0.0 0 0 1 10.79607
-0.86319 0.35427 0.26294000000000006 0.09463 0.09463 0.09463 0.0 0 0 1 48.81103
-0.61066 -0.6418 0.23302000000000003 0.12854 0.12854 0.12854 0.0 0 0 1 50.45946
1.1743 -0.83048 0.22084500000000004 0.06044 0.06044 0.06044 0.0 0 0 1 86.2012
0.4128 0.51116 0.21649 0.05798 0.05798 0.05798 0.0 0 0 1 15.82857
0.22658 -1.24061 0.26019499999999995 0.18914 0.18914 0.18914 0.0 0 0 1 46.48444
1.02483 1.05877 0.2842199999999999 0.18094 0.18094 0.18094 0.0 0 0 1 40.79744
-0.48801 0.58999 0.29105000000000003 0.1446 0.1446 0.1446 0.0 0 0 1 3.60854
-0.41324 -0.74484 0.19772000000000003 0.12669 0.12669 0.12669 0.0 0 0 1 11.27794
1.27397 -1.24422 0.27571 0.17642 0.17642 0.17642 0.0 0 0 1 77.06257
0.6226 -0.49599 0.15857999999999997 0.05466 0.05466 0.05466 0.0 0 0 1 39.33472
-1.01649 0.47249 0.262035 0.09907 0.09907 0.09907 0.0 0 0 1 6.41778
-1.15153 1.19974 0.25000500000000003 0.16876 0.16876 0.16876 0.0 0 0 1 18.1409
0.62579 -0.70834 0.20501499999999998 0.11628 0.11628 0.11628 0.0 0 0 1 48.68229
0.66891 -0.07945 0.155515 0.09228 0.09228 0.09228 0.0 0 0 1 37.1394
0.58327 -1.39483 0.249275 0.1548 0.1548 0.1548 0.0 0 0 1 71.24527
1.1454 0.23975 0.10079000000000002 0.08283 0.08283 0.08283 0.0 0 0 1 84.62919
-0.34506 0.61229 0.28191999999999995 0.10759 0.10759 0.10759 0.0 0 0 1 64.06763
0.49568 1.08778 0.30066499999999996 0.08258 0.08258 0.08258 0.0 0 0 1 8.40804
0.55431 0.2717 0.22747499999999996 0.12995 0.12995 0.12995 0.0 0 0 1 5.09426
0.18416 -1.07233 0.22422 0.16094 0.16094 0.16094 0.0 0 0 1 24.28647
-0.18009 -0.85032 0.19764 0.14528 0.14528 0.14528 0.0 0 0 1 7.83589
-0.50271 0.81788 0.2921 0.1092 0.1092 0.1092 0.0 0 0 1 24.14695
1.27342 0.84411 0.10541000000000003 0.06707 0.06707 0.06707 0.0 0 0 1 55.78403
-0.4593 0.77501 0.29173499999999997 0.12722 0.12722 0.12722 0.0 0 0 1 14.10407
-1.02062 -0.84675 0.23776499999999998 0.06928 0.06928 0.06928 0.0 0 0 1 33.8818
0.39407 -1.21025 0.211655 0.09206 0.09206 0.09206 0.0 0 0 1 20.62993
-1.29802 0.17393 0.2926700000000001 0.15409 0.15409 0.15409 0.0 0 0 1 36.41345
-1.1926 -0.36202 0.26883499999999994 0.13142 0.13142 0.13142 0.0 0 0 1 44.9753
0.93089 0.56503 0.18268500000000001 0.11537 0.11537 0.11537 0.0 0 0 1 19.30057
1.15999 1.38754 0.268335 0.09292 0.09292 0.09292 0.0 0 0 1 7.61862
0.47259 -1.04152 0.23299000000000006 0.12848 0.12848 0.12848 0.0 0 0 1 31.75303
1.1258 -1.38274 0.20332499999999995 0.0504 0.0504 0.0504 0.0 0 0 1 35.75615
-0.55326 -0.22854 0.28736 0.04347 0.04347 0.04347 1000 0 0 1 87.60434
-0.01218 0.34871 0.32182 0.03739 0.03739 0.03739 1000 0 0 1 32.25971
-0.77963 -0.84704 0.28975 0.04825 0.04825 0.04825 1000 0 0 1 82.35364
0.39713 0.39517 0.276815 0.02863 0.02863 0.02863 1000 0 0 1 61.49896
0.58635 0.59408 0.27350499999999994 0.02201 0.02201 0.02201 1000 0 0 1 87.11534
-0.62687 0.56598 0.34109999999999996 0.0447 0.0447 0.0447 1000 0 0 1 79.73379
-0.42765 0.32877 0.32547 0.02594 0.02594 0.02594 1000 0 0 1 85.58462
0.1598 0.5701 0.32996000000000003 0.02867 0.02867 0.02867 1000 0 0 1 54.53959
-0.66881 0.15105 0.31366000000000005 0.02732 0.02732 0.02732 1000 0 0 1 43.5875
-0.75037 0.17464 0.33258999999999994 0.04643 0.04643 0.04643 1000 0 0 1 20.64834
0.03201 -0.83671 0.22610000000000002 0.04595 0.04595 0.04595 1000 0 0 1 45.869
-0.55241 0.44644 0.32809 0.03118 0.03118 0.03118 1000 0 0 1 30.48464
-0.62393 0.64096 0.329175 0.02085 0.02085 0.02085 1000 0 0 1 25.59221
-0.45964 -0.19338 0.26310999999999996 0.03247 0.03247 0.03247 1000 0 0 1 31.70562
0.0402 0.58637 0.35518000000000005 0.04786 0.04786 0.04786 1000 0 0 1 63.18234
-0.75899 -0.03574 0.31523999999999996 0.02423 0.02423 0.02423 1000 0 0 1 83.34568
0.03179 -0.79286 0.215905 0.02556 0.02556 0.02556 1000 0 0 1 51.40685
-0.37205 0.01061 0.29301 0.04227 0.04227 0.04227 1000 0 0 1 80.13607
0.60718 0.38765 0.252975 0.0372 0.0372 0.0372 1000 0 0 1 8.43797
0.16881 -0.76257 0.23746499999999998 0.04368 0.04368 0.04368 1000 0 0 1 26.05812
0.23869 -0.42002 0.225275 0.03805 0.03805 0.03805 1000 0 0 1 28.71879
-0.40584 0.36876 0.335565 0.04613 0.04613 0.04613 1000 0 0 1 44.63009
-0.16531 0.43046 0.32448499999999997 0.03022 0.03022 0.03022 1000 0 0 1 13.39303
-0.843 0.2578 0.32538999999999996 0.03203 0.03203 0.03203 1000 0 0 1 38.45586
-0.82883 -0.40952 0.30105499999999996 0.04586 0.04586 0.04586 1000 0 0 1 45.41032
0.42846 0.01091 0.23892000000000002 0.04034 0.04034 0.04034 1000 0 0 1 64.65351
0.39507 0.00023 0.23000000000000004 0.0225 0.0225 0.0225 1000 0 0 1 38.13399
-0.85229 -0.33594 0.28889 0.02153 0.02153 0.02153 1000 0 0 1 44.40179
0.45132 0.41923 0.27828499999999995 0.03157 0.03157 0.03157 1000 0 0 1 43.23965
-0.22198 -0.553 0.22485000000000002 0.04345 0.04345 0.04345 1000 0 0 1 78.55526
0.40262 -0.63349 0.23303 0.03481 0.03481 0.03481 1000 0 0 1 25.2721
-0.39212 -0.45324 0.24744 0.03863 0.03863 0.03863 1000 0 0 1 24.29913
0.24981 -0.55589 0.22723000000000002 0.04196 0.04196 0.04196 1000 0 0 1 79.51162
0.33935 0.41383 0.27601 0.02702 0.02702 0.02702 1000 0 0 1 64.07667
0.63909 -0.22502 0.222065 0.03163 0.03163 0.03163 1000 0 0 1 73.56201
0.53661 -0.33238 0.22596499999999997 0.02068 0.02068 0.02068 1000 0 0 1 17.36582
-0.14201 0.57105 0.35350499999999996 0.03826 0.03826 0.03826 1000 0 0 1 28.89107
-0.80199 0.01649 0.319195 0.03214 0.03214 0.03214 1000 0 0 1 32.24936
0.05533 -0.4534 0.2204 0.0283 0.0283 0.0283 1000 0 0 1 15.81456
0.23869 -0.46569 0.216395 0.02029 0.02029 0.02029 1000 0 0 1 38.70161
-0.54885 -0.05135 0.2950050000000001 0.02126 0.02126 0.02126 1000 0 0 1 29.797
0.17597 0.39778 0.29982 0.02464 0.02464 0.02464 1000 0 0 1 3.57659
0.63544 -0.82944 0.26954999999999996 0.04535 0.04535 0.04535 1000 0 0 1 45.92785
-0.77224 -0.73258 0.275865 0.02048 0.02048 0.02048 1000 0 0 1 20.63373
-0.62297 -0.26554 0.28161 0.03197 0.03197 0.03197 1000 0 0 1 10.92012
-0.46202 0.35855 0.325885 0.02677 0.02677 0.02677 1000 0 0 1 45.10537
-0.8179 -0.56888 0.28103500000000003 0.02457 0.02457 0.02457 1000 0 0 1 61.90924
0.66028 -0.38818 0.23475 0.03825 0.03825 0.03825 1000 0 0 1 57.76015
0.00488 -0.42682 0.22895500000000002 0.04541 0.04541 0.04541 1000 0 0 1 2.71549
0.39141 0.15646 0.25085 0.0267 0.0267 0.0267 1000 0 0 1 76.6351
