-1.6 -1.6 0.2 0.2 0.38749999999999996 0.0
-1.6 -1.4000000000000001 0.2 0.2 0.40625 0.0
-1.6 -1.2000000000000002 0.2 0.2 0.40937500000000004 0.0
-1.6 -1.0 0.2 0.2 0.40312499999999996 0.0
-1.6 -0.8 0.2 0.2 0.37812500000000004 0.0
-1.6 -0.6000000000000001 0.2 0.2 0.34375 0.0
-1.6 -0.3999999999999999 0.2 0.2 0.303125 0.0
-1.6 -0.19999999999999996 0.2 0.2 0.25625 0.0
-1.6 0.0 0.2 0.2 0.21562500000000004 0.0
-1.6 0.19999999999999996 0.2 0.2 0.18437500000000004 0.0
-1.6 0.3999999999999999 0.2 0.2 0.165625 0.0
-1.6 0.6000000000000001 0.2 0.2 0.15625000000000003 0.0
-1.6 0.8000000000000003 0.2 0.2 0.15937500000000002 0.0
-1.6 1.0 0.2 0.2 0.17187500000000003 0.0
-1.6 1.2000000000000002 0.2 0.2 0.18750000000000003 0.0
-1.6 1.4 0.2 0.2 0.20000000000000004 0.0
-1.4000000000000001 -1.6 0.2 0.2 0.36250000000000004 0.0
-1.4000000000000001 -1.4000000000000001 0.2 0.2 0.38125 0.0
-1.4000000000000001 -1.2000000000000002 0.2 0.2 0.390625 0.0
-1.4000000000000001 -1.0 0.2 0.2 0.38749999999999996 0.0
-1.4000000000000001 -0.8 0.2 0.2 0.365625 0.0
-1.4000000000000001 -0.6000000000000001 0.2 0.2 0.33125000000000004 0.0
-1.4000000000000001 -0.3999999999999999 0.2 0.2 0.2875 0.0
-1.4000000000000001 -0.19999999999999996 0.2 0.2 0.23750000000000002 0.0
-1.4000000000000001 0.0 0.2 0.2 0.19687500000000005 0.0
-1.4000000000000001 0.19999999999999996 0.2 0.2 0.1625 0.0
-1.4000000000000001 0.3999999999999999 0.2 0.2 0.14375000000000002 0.0
-1.4000000000000001 0.6000000000000001 0.2 0.2 0.14062500000000003 0.0
-1.4000000000000001 0.8000000000000003 0.2 0.2 0.146875 0.0
-1.4000000000000001 1.0 0.2 0.2 0.165625 0.0
-1.4000000000000001 1.2000000000000002 0.2 0.2 0.19062500000000002 0.0
-1.4000000000000001 1.4 0.2 0.2 0.21250000000000005 0.0
-1.2000000000000002 -1.6 0.2 0.2 0.3375 0.0
-1.2000000000000002 -1.4000000000000001 0.2 0.2 0.35625000000000007 0.0
-1.2000000000000002 -1.2000000000000002 0.2 0.2 0.365625 0.0
-1.2000000000000002 -1.0 0.2 0.2 0.36250000000000004 0.0
-1.2000000000000002 -0.8 0.2 0.2 0.34687500000000004 0.0
-1.2000000000000002 -0.6000000000000001 0.2 0.2 0.3125 0.0
-1.2000000000000002 -0.3999999999999999 0.2 0.2 0.265625 0.0
-1.2000000000000002 -0.19999999999999996 0.2 0.2 0.21562500000000004 0.0
-1.2000000000000002 0.0 0.2 0.2 0.17187500000000003 0.0
-1.2000000000000002 0.19999999999999996 0.2 0.2 0.14375000000000002 0.0
-1.2000000000000002 0.3999999999999999 0.2 0.2 0.12500000000000003 0.0
-1.2000000000000002 0.6000000000000001 0.2 0.2 0.12500000000000003 0.0
-1.2000000000000002 0.8000000000000003 0.2 0.2 0.14062500000000003 0.0
-1.2000000000000002 1.0 0.2 0.2 0.16875000000000004 0.0
-1.2000000000000002 1.2000000000000002 0.2 0.2 0.20312500000000003 0.0
-1.2000000000000002 1.4 0.2 0.2 0.23437500000000003 0.0
-1.0 -1.6 0.2 0.2 0.31562500000000004 0.0
-1.0 -1.4000000000000001 0.2 0.2 0.334375 0.0
-1.0 -1.2000000000000002 0.2 0.2 0.34062500000000007 0.0
-1.0 -1.0 0.2 0.2 0.3375 0.0
-1.0 -0.8 0.2 0.2 0.321875 0.0
-1.0 -0.6000000000000001 0.2 0.2 0.2875 0.0
-1.0 -0.3999999999999999 0.2 0.2 0.240625 0.0
-1.0 -0.19999999999999996 0.2 0.2 0.19375 0.0
-1.0 0.0 0.2 0.2 0.15312500000000004 0.0
-1.0 0.19999999999999996 0.2 0.2 0.12500000000000003 0.0
-1.0 0.3999999999999999 0.2 0.2 0.11250000000000002 0.0
-1.0 0.6000000000000001 0.2 0.2 0.11875000000000002 0.0
-1.0 0.8000000000000003 0.2 0.2 0.14062500000000003 0.0
-1.0 1.0 0.2 0.2 0.178125 0.0
-1.0 1.2000000000000002 0.2 0.2 0.21875000000000003 0.0
-1.0 1.4 0.2 0.2 0.25625 0.0
-0.8 -1.6 0.2 0.2 0.303125 0.0
-0.8 -1.4000000000000001 0.2 0.2 0.31562500000000004 0.0
-0.8 -1.2000000000000002 0.2 0.2 0.31875 0.0
-0.8 -1.0 0.2 0.2 0.31562500000000004 0.0
-0.8 -0.8 0.2 0.2 0.296875 0.0
-0.8 -0.6000000000000001 0.2 0.2 0.26250000000000007 0.0
-0.8 -0.3999999999999999 0.2 0.2 0.21875000000000003 0.0
-0.8 -0.19999999999999996 0.2 0.2 0.17187500000000003 0.0
-0.8 0.0 0.2 0.2 0.134375 0.0
-0.8 0.19999999999999996 0.2 0.2 0.11250000000000002 0.0
-0.8 0.3999999999999999 0.2 0.2 0.10625000000000001 0.0
-0.8 0.6000000000000001 0.2 0.2 0.11875000000000002 0.0
-0.8 0.8000000000000003 0.2 0.2 0.146875 0.0
-0.8 1.0 0.2 0.2 0.18750000000000003 0.0
-0.8 1.2000000000000002 0.2 0.2 0.23437500000000003 0.0
-0.8 1.4 0.2 0.2 0.275 0.0
-0.6000000000000001 -1.6 0.2 0.2 0.296875 0.0
-0.6000000000000001 -1.4000000000000001 0.2 0.2 0.303125 0.0
-0.6000000000000001 -1.2000000000000002 0.2 0.2 0.303125 0.0
-0.6000000000000001 -1.0 0.2 0.2 0.29375000000000007 0.0
-0.6000000000000001 -0.8 0.2 0.2 0.275 0.0
-0.6000000000000001 -0.6000000000000001 0.2 0.2 0.240625 0.0
-0.6000000000000001 -0.3999999999999999 0.2 0.2 0.20000000000000004 0.0
-0.6000000000000001 -0.19999999999999996 0.2 0.2 0.15625000000000003 0.0
-0.6000000000000001 0.0 0.2 0.2 0.12500000000000003 0.0
-0.6000000000000001 0.19999999999999996 0.2 0.2 0.10625000000000001 0.0
-0.6000000000000001 0.3999999999999999 0.2 0.2 0.10625000000000001 0.0
-0.6000000000000001 0.6000000000000001 0.2 0.2 0.12187500000000001 0.0
-0.6000000000000001 0.8000000000000003 0.2 0.2 0.15312500000000004 0.0
-0.6000000000000001 1.0 0.2 0.2 0.19687500000000005 0.0
-0.6000000000000001 1.2000000000000002 0.2 0.2 0.24375000000000005 0.0
-0.6000000000000001 1.4 0.2 0.2 0.2875 0.0
-0.3999999999999999 -1.6 0.2 0.2 0.28125 0.0
-0.3999999999999999 -1.4000000000000001 0.2 0.2 0.28125 0.0
-0.3999999999999999 -1.2000000000000002 0.2 0.2 0.27812500000000007 0.0
-0.3999999999999999 -1.0 0.2 0.2 0.26875000000000004 0.0
-0.3999999999999999 -0.8 0.2 0.2 0.25312500000000004 0.0
-0.3999999999999999 -0.6000000000000001 0.2 0.2 0.22187500000000002 0.0
-0.3999999999999999 -0.3999999999999999 0.2 0.2 0.18750000000000003 0.0
-0.3999999999999999 -0.19999999999999996 0.2 0.2 0.15312500000000004 0.0
-0.3999999999999999 0.0 0.2 0.2 0.12500000000000003 0.0
-0.3999999999999999 0.19999999999999996 0.2 0.2 0.11250000000000002 0.0
-0.3999999999999999 0.3999999999999999 0.2 0.2 0.115625 0.0
-0.3999999999999999 0.6000000000000001 0.2 0.2 0.13125 0.0
-0.3999999999999999 0.8000000000000003 0.2 0.2 0.165625 0.0
-0.3999999999999999 1.0 0.2 0.2 0.20625000000000002 0.0
-0.3999999999999999 1.2000000000000002 0.2 0.2 0.25 0.0
-0.3999999999999999 1.4 0.2 0.2 0.2875 0.0
-0.19999999999999996 -1.6 0.2 0.2 0.26250000000000007 0.0
-0.19999999999999996 -1.4000000000000001 0.2 0.2 0.25625 0.0
-0.19999999999999996 -1.2000000000000002 0.2 0.2 0.25312500000000004 0.0
-0.19999999999999996 -1.0 0.2 0.2 0.24687500000000004 0.0
-0.19999999999999996 -0.8 0.2 0.2 0.23125000000000004 0.0
-0.19999999999999996 -0.6000000000000001 0.2 0.2 0.209375 0.0
-0.19999999999999996 -0.3999999999999999 0.2 0.2 0.18125000000000005 0.0
-0.19999999999999996 -0.19999999999999996 0.2 0.2 0.15625000000000003 0.0
-0.19999999999999996 0.0 0.2 0.2 0.146875 0.0
-0.19999999999999996 0.19999999999999996 0.2 0.2 0.12812500000000002 0.0
-0.19999999999999996 0.3999999999999999 0.2 0.2 0.134375 0.0
-0.19999999999999996 0.6000000000000001 0.2 0.2 0.15 0.0
-0.19999999999999996 0.8000000000000003 0.2 0.2 0.178125 0.0
-0.19999999999999996 1.0 0.2 0.2 0.21250000000000005 0.0
-0.19999999999999996 1.2000000000000002 0.2 0.2 0.25 0.0
-0.19999999999999996 1.4 0.2 0.2 0.27812500000000007 0.0
0.0 -1.6 0.2 0.2 0.23750000000000002 0.0
0.0 -1.4000000000000001 0.2 0.2 0.23125000000000004 0.0
0.0 -1.2000000000000002 0.2 0.2 0.22812500000000005 0.0
0.0 -1.0 0.2 0.2 0.225 0.0
0.0 -0.8 0.2 0.2 0.21562500000000004 0.0
0.0 -0.6000000000000001 0.2 0.2 0.20312500000000003 0.0
0.0 -0.3999999999999999 0.2 0.2 0.18750000000000003 0.0
0.0 -0.19999999999999996 0.2 0.2 0.165625 0.0
0.0 0.0 0.2 0.2 0.15937500000000002 0.0
0.0 0.19999999999999996 0.2 0.2 0.15625000000000003 0.0
0.0 0.3999999999999999 0.2 0.2 0.1625 0.0
0.0 0.6000000000000001 0.2 0.2 0.17500000000000002 0.0
0.0 0.8000000000000003 0.2 0.2 0.19687500000000005 0.0
0.0 1.0 0.2 0.2 0.22187500000000002 0.0
0.0 1.2000000000000002 0.2 0.2 0.24687500000000004 0.0
0.0 1.4 0.2 0.2 0.26875000000000004 0.0
0.19999999999999996 -1.6 0.2 0.2 0.209375 0.0
0.19999999999999996 -1.4000000000000001 0.2 0.2 0.20625000000000002 0.0
0.19999999999999996 -1.2000000000000002 0.2 0.2 0.20625000000000002 0.0
0.19999999999999996 -1.0 0.2 0.2 0.20625000000000002 0.0
0.19999999999999996 -0.8 0.2 0.2 0.209375 0.0
0.19999999999999996 -0.6000000000000001 0.2 0.2 0.20625000000000002 0.0
0.19999999999999996 -0.3999999999999999 0.2 0.2 0.20000000000000004 0.0
0.19999999999999996 -0.19999999999999996 0.2 0.2 0.19687500000000005 0.0
0.19999999999999996 0.0 0.2 0.2 0.19375 0.0
0.19999999999999996 0.19999999999999996 0.2 0.2 0.19375 0.0
0.19999999999999996 0.3999999999999999 0.2 0.2 0.20000000000000004 0.0
0.19999999999999996 0.6000000000000001 0.2 0.2 0.209375 0.0
0.19999999999999996 0.8000000000000003 0.2 0.2 0.21875000000000003 0.0
0.19999999999999996 1.0 0.2 0.2 0.23125000000000004 0.0
0.19999999999999996 1.2000000000000002 0.2 0.2 0.24375000000000005 0.0
0.19999999999999996 1.4 0.2 0.2 0.25625 0.0
0.3999999999999999 -1.6 0.2 0.2 0.18437500000000004 0.0
0.3999999999999999 -1.4000000000000001 0.2 0.2 0.18125000000000005 0.0
0.3999999999999999 -1.2000000000000002 0.2 0.2 0.18750000000000003 0.0
0.3999999999999999 -1.0 0.2 0.2 0.19687500000000005 0.0
0.3999999999999999 -0.8 0.2 0.2 0.209375 0.0
0.3999999999999999 -0.6000000000000001 0.2 0.2 0.21562500000000004 0.0
0.3999999999999999 -0.3999999999999999 0.2 0.2 0.22187500000000002 0.0
0.3999999999999999 -0.19999999999999996 0.2 0.2 0.22812500000000005 0.0
0.3999999999999999 0.0 0.2 0.2 0.23437500000000003 0.0
0.3999999999999999 0.19999999999999996 0.2 0.2 0.240625 0.0
0.3999999999999999 0.3999999999999999 0.2 0.2 0.24375000000000005 0.0
0.3999999999999999 0.6000000000000001 0.2 0.2 0.24687500000000004 0.0
0.3999999999999999 0.8000000000000003 0.2 0.2 0.24687500000000004 0.0
0.3999999999999999 1.0 0.2 0.2 0.24687500000000004 0.0
0.3999999999999999 1.2000000000000002 0.2 0.2 0.24687500000000004 0.0
0.3999999999999999 1.4 0.2 0.2 0.24687500000000004 0.0
0.6000000000000001 -1.6 0.2 0.2 0.15937500000000002 0.0
0.6000000000000001 -1.4000000000000001 0.2 0.2 0.15937500000000002 0.0
0.6000000000000001 -1.2000000000000002 0.2 0.2 0.17500000000000002 0.0
0.6000000000000001 -1.0 0.2 0.2 0.19375 0.0
0.6000000000000001 -0.8 0.2 0.2 0.21562500000000004 0.0
0.6000000000000001 -0.6000000000000001 0.2 0.2 0.23125000000000004 0.0
0.6000000000000001 -0.3999999999999999 0.2 0.2 0.25 0.0
0.6000000000000001 -0.19999999999999996 0.2 0.2 0.26875000000000004 0.0
0.6000000000000001 0.0 0.2 0.2 0.28125 0.0
0.6000000000000001 0.19999999999999996 0.2 0.2 0.290625 0.0
0.6000000000000001 0.3999999999999999 0.2 0.2 0.290625 0.0
0.6000000000000001 0.6000000000000001 0.2 0.2 0.2875 0.0
0.6000000000000001 0.8000000000000003 0.2 0.2 0.27812500000000007 0.0
0.6000000000000001 1.0 0.2 0.2 0.265625 0.0
0.6000000000000001 1.2000000000000002 0.2 0.2 0.25 0.0
0.6000000000000001 1.4 0.2 0.2 0.240625 0.0
0.8000000000000003 -1.6 0.2 0.2 0.134375 0.0
0.8000000000000003 -1.4000000000000001 0.2 0.2 0.14375000000000002 0.0
0.8000000000000003 -1.2000000000000002 0.2 0.2 0.165625 0.0
0.8000000000000003 -1.0 0.2 0.2 0.19687500000000005 0.0
0.8000000000000003 -0.8 0.2 0.2 0.225 0.0
0.8000000000000003 -0.6000000000000001 0.2 0.2 0.25312500000000004 0.0
0.8000000000000003 -0.3999999999999999 0.2 0.2 0.28125 0.0
0.8000000000000003 -0.19999999999999996 0.2 0.2 0.30937500000000007 0.0
0.8000000000000003 0.0 0.2 0.2 0.328125 0.0
0.8000000000000003 0.19999999999999996 0.2 0.2 0.34062500000000007 0.0
0.8000000000000003 0.3999999999999999 0.2 0.2 0.34062500000000007 0.0
0.8000000000000003 0.6000000000000001 0.2 0.2 0.33125000000000004 0.0
0.8000000000000003 0.8000000000000003 0.2 0.2 0.3125 0.0
0.8000000000000003 1.0 0.2 0.2 0.2875 0.0
0.8000000000000003 1.2000000000000002 0.2 0.2 0.259375 0.0
0.8000000000000003 1.4 0.2 0.2 0.23750000000000002 0.0
1.0 -1.6 0.2 0.2 0.115625 0.0
1.0 -1.4000000000000001 0.2 0.2 0.134375 0.0
1.0 -1.2000000000000002 0.2 0.2 0.165625 0.0
1.0 -1.0 0.2 0.2 0.20312500000000003 0.0
1.0 -0.8 0.2 0.2 0.240625 0.0
1.0 -0.6000000000000001 0.2 0.2 0.275 0.0
1.0 -0.3999999999999999 0.2 0.2 0.3125 0.0
1.0 -0.19999999999999996 0.2 0.2 0.34687500000000004 0.0
1.0 0.0 0.2 0.2 0.375 0.0
1.0 0.19999999999999996 0.2 0.2 0.38749999999999996 0.0
1.0 0.3999999999999999 0.2 0.2 0.38749999999999996 0.0
1.0 0.6000000000000001 0.2 0.2 0.37187500000000007 0.0
1.0 0.8000000000000003 0.2 0.2 0.34375 0.0
1.0 1.0 0.2 0.2 0.30937500000000007 0.0
1.0 1.2000000000000002 0.2 0.2 0.275 0.0
1.0 1.4 0.2 0.2 0.24375000000000005 0.0
1.2000000000000002 -1.6 0.2 0.2 0.10312500000000002 0.0
1.2000000000000002 -1.4000000000000001 0.2 0.2 0.12812500000000002 0.0
1.2000000000000002 -1.2000000000000002 0.2 0.2 0.165625 0.0
1.2000000000000002 -1.0 0.2 0.2 0.21250000000000005 0.0
1.2000000000000002 -0.8 0.2 0.2 0.25625 0.0
1.2000000000000002 -0.6000000000000001 0.2 0.2 0.29375000000000007 0.0
1.2000000000000002 -0.3999999999999999 0.2 0.2 0.3375 0.0
1.2000000000000002 -0.19999999999999996 0.2 0.2 0.37812500000000004 0.0
1.2000000000000002 0.0 0.2 0.2 0.40937500000000004 0.0
1.2000000000000002 0.19999999999999996 0.2 0.2 0.42500000000000004 0.0
1.2000000000000002 0.3999999999999999 0.2 0.2 0.42500000000000004 0.0
1.2000000000000002 0.6000000000000001 0.2 0.2 0.40625 0.0
1.2000000000000002 0.8000000000000003 0.2 0.2 0.375 0.0
1.2000000000000002 1.0 0.2 0.2 0.334375 0.0
1.2000000000000002 1.2000000000000002 0.2 0.2 0.29375000000000007 0.0
1.2000000000000002 1.4 0.2 0.2 0.259375 0.0
1.4 -1.6 0.2 0.2 0.1 0.0
1.4 -1.4000000000000001 0.2 0.2 0.12500000000000003 0.0
1.4 -1.2000000000000002 0.2 0.2 0.16875000000000004 0.0
1.4 -1.0 0.2 0.2 0.21875000000000003 0.0
1.4 -0.8 0.2 0.2 0.265625 0.0
1.4 -0.6000000000000001 0.2 0.2 0.30625 0.0
1.4 -0.3999999999999999 0.2 0.2 0.353125 0.0
1.4 -0.19999999999999996 0.2 0.2 0.396875 0.0
1.4 0.0 0.2 0.2 0.43125 0.0
1.4 0.19999999999999996 0.2 0.2 0.44999999999999996 0.0
1.4 0.3999999999999999 0.2 0.2 0.44999999999999996 0.0
1.4 0.6000000000000001 0.2 0.2 0.43437499999999996 0.0
1.4 0.8000000000000003 0.2 0.2 0.4 0.0
1.4 1.0 0.2 0.2 0.359375 0.0
1.4 1.2000000000000002 0.2 0.2 0.31562500000000004 0.0
1.4 1.4 0.2 0.2 0.28125 0.0
0.72465 -1.04769 0.138405 0.08931 0.08931 0.08931 0.0 0 0 1 31.98067
-1.13249 -0.51868 0.2840100000000001 0.10552 0.10552 0.10552 0.0 0 0 1 65.52544
-0.7272 -1.22832 0.28086 0.09297 0.09297 0.09297 0.0 0 0 1 20.69953
-1.03675 -0.31871 0.278875 0.18275 0.18275 0.18275 0.0 0 0 1 10.39429
-1.13021 0.9202 0.16451500000000005 0.19153 0.19153 0.19153 0.0 0 0 1 19.06803
0.46863 1.05202 0.24786 0.16447 0.16447 0.16447 0.0 0 0 1 79.58719
0.86556 -1.3985 0.13013500000000003 0.14152 0.14152 0.14152 0.0 0 0 1 34.81412
-1.34376 0.822 0.14280500000000002 0.16686 0.16686 0.16686 0.0 0 0 1 47.81352
-1.23148 0.78234 0.09981500000000001 0.10588 0.10588 0.10588 0.0 0 0 1 61.76723
-0.55198 -1.02755 0.25449 0.07148 0.07148 0.07148 0.0 0 0 1 58.25422
-0.86757 -0.37731 0.250355 0.16946 0.16946 0.16946 0.0 0 0 1 5.87633
-1.36636 -0.95911 0.33723499999999995 0.06822 0.06822 0.06822 0.0 0 0 1 59.30848
-1.15555 0.9024 0.07969499999999999 0.06564 0.06564 0.06564 0.0 0 0 1 29.35139
0.7334 1.12756 0.28661000000000003 0.19822 0.19822 0.19822 0.0 0 0 1 58.45297
-0.45297 0.42817 0.11435500000000001 0.18496 0.18496 0.18496 0.0 0 0 1 69.13833
0.99722 0.02135 0.336055 0.12211 0.12211 0.12211 0.0 0 0 1 43.26435
1.28199 -0.48384 0.28554999999999997 0.0961 0.0961 0.0961 0.0 0 0 1 55.81823
1.00152 0.42903 0.3642599999999999 0.15352 0.15352 0.15352 0.0 0 0 1 69.61372
0.22197 -0.73427 0.21279 0.19433 0.19433 0.19433 0.0 0 0 1 76.50463
-0.03378 -0.56405 0.214155 0.18456 0.18456 0.18456 0.0 0 0 1 18.30808
0.67896 0.95624 0.27366999999999997 0.12234 0.12234 0.12234 0.0 0 0 1 30.93834
0.28305 0.8178 0.17231500000000002 0.10713 0.10713 0.10713 0.0 0 0 1 33.53285
-0.65479 1.35673 0.269 0.188 0.188 0.188 0.0 0 0 1 6.85652
0.80992 0.90147 0.30305499999999996 0.18111 0.18111 0.18111 0.0 0 0 1 13.69336
-0.76461 -0.95795 0.28917000000000004 0.10334 0.10334 0.10334 0.0 0 0 1 36.84255
1.26603 -0.99127 0.20263 0.16776 0.16776 0.16776 0.0 0 0 1 33.8928
0.78855 0.51366 0.28327 0.08529 0.08529 0.08529 0.0 0 0 1 61.15597
-0.5544 -0.88328 0.24206500000000006 0.05288 0.05288 0.05288 0.0 0 0 1 85.47653
0.7989 0.6504 0.28644500000000006 0.11039 0.11039 0.11039 0.0 0 0 1 72.56961
0.66411 0.12885 0.24709500000000004 0.11294 0.11294 0.11294 0.0 0 0 1 23.1896
0.58562 1.06094 0.219125 0.107 0.107 0.107 0.0 0 0 1 73.20513
-0.85885 0.96852 0.15178500000000003 0.14732 0.14732 0.14732 0.0 0 0 1 22.20536
-1.1698 1.20217 0.12857000000000002 0.05089 0.05089 0.05089 0.0 0 0 1 58.45866
0.67348 -0.06569 0.2835000000000001 0.14825 0.14825 0.14825 0.0 0 0 1 14.30429
-1.2338 1.21087 0.184405 0.16256 0.16256 0.16256 0.0 0 0 1 73.646
1.07803 1.3329 0.2854000000000001 0.1833 0.1833 0.1833 0.0 0 0 1 74.44024
1.22358 -0.30779 0.33754000000000006 0.11883 0.11883 0.11883 0.0 0 0 1 13.12848
0.08606 1.13379 0.18231000000000006 0.07087 0.07087 0.07087 0.0 0 0 1 83.48563
1.26001 0.52476 0.43128500000000003 0.16257 0.16257 0.16257 0.0 0 0 1 35.57436
-0.47987 -0.62474 0.21987000000000004 0.08974 0.08974 0.08974 0.0 0 0 1 35.12523
-0.12527 0.52514 0.070665 0.07258 0.07258 0.07258 0.0 0 0 1 41.59856
-0.44269 0.79934 0.08769500000000002 0.06914 0.06914 0.06914 0.0 0 0 1 10.8336
-0.00343 1.17679 0.22407999999999997 0.14816 0.14816 0.14816 0.0 0 0 1 18.23412
-0.90046 1.06826 0.12507 0.09389 0.09389 0.09389 0.0 0 0 1 21.40355
-0.66102 -0.82714 0.3327 0.1904 0.1904 0.1904 0.0 0 0 1 61.11011
-0.21212 -0.73582 0.22277000000000005 0.13929 0.13929 0.13929 0.0 0 0 1 50.85631
1.27479 -0.04151 0.3381200000000001 0.05749 0.05749 0.05749 0.0 0 0 1 74.76603
-0.95731 0.27664 0.098915 0.11033 0.11033 0.11033 0.0 0 0 1 71.51415
0.14629 -1.20407 0.19949000000000003 0.13648 0.13648 0.13648 0.0 0 0 1 40.61447
1.09343 -0.29674 0.24245999999999998 0.05992 0.05992 0.05992 0.0 0 0 1 68.60126
-0.81554 -0.84007 0.318605 0.04346 0.04346 0.04346 1000 0 0 1 75.96618
-0.40499 -0.53784 0.23790000000000003 0.03205 0.03205 0.03205 1000 0 0 1 41.14081
-0.83778 0.42443 0.129415 0.04633 0.04633 0.04633 1000 0 0 1 51.09906
-0.85237 0.14432 0.129865 0.03473 0.03473 0.03473 1000 0 0 1 59.14384
0.57549 -0.82464 0.22828500000000004 0.02532 0.02532 0.02532 1000 0 0 1 37.07412
-0.57586 -0.40889 0.22284500000000004 0.04569 0.04569 0.04569 1000 0 0 1 15.27668
-0.44765 -0.75603 0.276965 0.04768 0.04768 0.04768 1000 0 0 1 12.57276
0.02441 0.60666 0.195115 0.04023 0.04023 0.04023 1000 0 0 1 73.4146
0.649 -0.55696 0.24792000000000003 0.03334 0.03334 0.03334 1000 0 0 1 18.82011
-0.22057 -0.64065 0.22332000000000002 0.02789 0.02789 0.02789 1000 0 0 1 26.78819
0.5542 0.41941 0.31546 0.04967 0.04967 0.04967 1000 0 0 1 80.23768
0.0039 0.36808 0.184395 0.04379 0.04379 0.04379 1000 0 0 1 63.07885
0.21443 0.59273 0.22204000000000002 0.02533 0.02533 0.02533 1000 0 0 1 61.48535
-0.8658 -0.61976 0.2767800000000001 0.02856 0.02856 0.02856 1000 0 0 1 24.99481
0.35637 0.65552 0.263095 0.03244 0.03244 0.03244 1000 0 0 1 35.13673
0.16018 0.3812 0.22058500000000003 0.04117 0.04117 0.04117 1000 0 0 1 37.84066
0.16887 -0.6068 0.226645 0.04079 0.04079 0.04079 1000 0 0 1 77.11495
0.65826 0.44832 0.30823 0.03521 0.03521 0.03521 1000 0 0 1 67.10299
-0.32857 0.63899 0.14474 0.02698 0.02698 0.02698 1000 0 0 1 16.12282
-0.17001 0.35394 0.155355 0.04196 0.04196 0.04196 1000 0 0 1 54.67728
0.62901 0.63213 0.30071499999999995 0.02643 0.02643 0.02643 1000 0 0 1 51.81487
0.1878 -0.3491 0.21125000000000005 0.0225 0.0225 0.0225 1000 0 0 1 15.88295
0.66487 -0.17654 0.28529000000000004 0.03308 0.03308 0.03308 1000 0 0 1 29.59181
0.43671 0.4401 0.26744500000000004 0.04739 0.04739 0.04739 1000 0 0 1 72.54234
0.24165 0.43779 0.21729000000000004 0.03458 0.03458 0.03458 1000 0 0 1 64.06286
-0.41395 0.02324 0.139695 0.02939 0.02939 0.02939 1000 0 0 1 34.55972
-0.76834 0.5901 0.14334000000000002 0.04918 0.04918 0.04918 1000 0 0 1 3.82467
-0.39073 0.17073 0.12418000000000001 0.02336 0.02336 0.02336 1000 0 0 1 45.90748
-0.63706 -0.26297 0.16790500000000003 0.02331 0.02331 0.02331 1000 0 0 1 24.22322
0.23136 -0.56785 0.21873 0.02496 0.02496 0.02496 1000 0 0 1 76.1358
0.42846 -0.42719 0.23911500000000002 0.03448 0.03448 0.03448 1000 0 0 1 9.54757
0.45144 0.23542 0.258855 0.03646 0.03646 0.03646 1000 0 0 1 21.80668
0.42097 -0.75998 0.23399 0.04923 0.04923 0.04923 1000 0 0 1 18.74185
-0.25045 -0.37708 0.20186500000000004 0.04123 0.04123 0.04123 1000 0 0 1 86.36313
0.05277 0.66413 0.18992 0.02984 0.02984 0.02984 1000 0 0 1 59.77311
0.6482 -0.2437 0.28429000000000004 0.03108 0.03108 0.03108 1000 0 0 1 42.33257
-0.39266 -0.57453 0.23414000000000001 0.02453 0.02453 0.02453 1000 0 0 1 7.90882
-0.82132 0.58036 0.12940500000000002 0.02131 0.02131 0.02131 1000 0 0 1 42.6942
0.03594 -0.36675 0.20516500000000004 0.03533 0.03533 0.03533 1000 0 0 1 37.97413
0.54421 0.46522 0.30660000000000004 0.03195 0.03195 0.03195 1000 0 0 1 81.51118
-0.64044 -0.43148 0.22399000000000005 0.04798 0.04798 0.04798 1000 0 0 1 79.57847
-0.02208 0.59931 0.195555 0.04111 0.04111 0.04111 1000 0 0 1 9.88612
-0.5612 0.22266 0.12389000000000001 0.03528 0.03528 0.03528 1000 0 0 1 39.82223
-0.25954 -0.54158 0.22109 0.02343 0.02343 0.02343 1000 0 0 1 3.62764
0.63283 0.38097 0.30175 0.02225 0.02225 0.02225 1000 0 0 1 39.21041
-0.16439 -0.36324 0.20028000000000004 0.03806 0.03806 0.03806 1000 0 0 1 16.47609
0.63893 0.21544 0.31342000000000003 0.04559 0.04559 0.04559 1000 0 0 1 37.35577
0.61237 -0.35928 0.27383 0.04766 0.04766 0.04766 1000 0 0 1 6.68181
0.44808 0.17588 0.25899 0.03673 0.03673 0.03673 1000 0 0 1 16.37828
-0.22981 -0.45016 0.19495500000000004 0.02741 0.02741 0.02741 1000 0 0 1 13.50478
