-1.6 -1.6 0.2 0.2 0.134375 0.0
-1.6 -1.4000000000000001 0.2 0.2 0.11875 0.0
-1.6 -1.2000000000000002 0.2 0.2 0.11250000000000002 0.0
-1.6 -1.0 0.2 0.2 0.115625 0.0
-1.6 -0.8 0.2 0.2 0.12187499999999998 0.0
-1.6 -0.6000000000000001 0.2 0.2 0.12812500000000002 0.0
-1.6 -0.3999999999999999 0.2 0.2 0.13125 0.0
-1.6 -0.19999999999999996 0.2 0.2 0.13125 0.0
-1.6 0.0 0.2 0.2 0.12812500000000002 0.0
-1.6 0.19999999999999996 0.2 0.2 0.12187499999999998 0.0
-1.6 0.3999999999999999 0.2 0.2 0.115625 0.0
-1.6 0.6000000000000001 0.2 0.2 0.10937500000000003 0.0
-1.6 0.8000000000000003 0.2 0.2 0.10624999999999998 0.0
-1.6 1.0 0.2 0.2 0.103125 0.0
-1.6 1.2000000000000002 0.2 0.2 0.1 0.0
-1.6 1.4 0.2 0.2 0.10624999999999998 0.0
-1.4000000000000001 -1.6 0.2 0.2 0.12500000000000003 0.0
-1.4000000000000001 -1.4000000000000001 0.2 0.2 0.115625 0.0
-1.4000000000000001 -1.2000000000000002 0.2 0.2 0.11250000000000002 0.0
-1.4000000000000001 -1.0 0.2 0.2 0.115625 0.0
-1.4000000000000001 -0.8 0.2 0.2 0.12187499999999998 0.0
-1.4000000000000001 -0.6000000000000001 0.2 0.2 0.12500000000000003 0.0
-1.4000000000000001 -0.3999999999999999 0.2 0.2 0.12812500000000002 0.0
-1.4000000000000001 -0.19999999999999996 0.2 0.2 0.12812500000000002 0.0
-1.4000000000000001 0.0 0.2 0.2 0.12500000000000003 0.0
-1.4000000000000001 0.19999999999999996 0.2 0.2 0.12500000000000003 0.0
-1.4000000000000001 0.3999999999999999 0.2 0.2 0.12187499999999998 0.0
-1.4000000000000001 0.6000000000000001 0.2 0.2 0.11875 0.0
-1.4000000000000001 0.8000000000000003 0.2 0.2 0.115625 0.0
-1.4000000000000001 1.0 0.2 0.2 0.11250000000000002 0.0
-1.4000000000000001 1.2000000000000002 0.2 0.2 0.10937500000000003 0.0
-1.4000000000000001 1.4 0.2 0.2 0.10937500000000003 0.0
-1.2000000000000002 -1.6 0.2 0.2 0.11875 0.0
-1.2000000000000002 -1.4000000000000001 0.2 0.2 0.115625 0.0
-1.2000000000000002 -1.2000000000000002 0.2 0.2 0.12187499999999998 0.0
-1.2000000000000002 -1.0 0.2 0.2 0.12812500000000002 0.0
-1.2000000000000002 -0.8 0.2 0.2 0.13125 0.0
-1.2000000000000002 -0.6000000000000001 0.2 0.2 0.13125 0.0
-1.2000000000000002 -0.3999999999999999 0.2 0.2 0.13125 0.0
-1.2000000000000002 -0.19999999999999996 0.2 0.2 0.134375 0.0
-1.2000000000000002 0.0 0.2 0.2 0.134375 0.0
-1.2000000000000002 0.19999999999999996 0.2 0.2 0.134375 0.0
-1.2000000000000002 0.3999999999999999 0.2 0.2 0.13749999999999998 0.0
-1.2000000000000002 0.6000000000000001 0.2 0.2 0.134375 0.0
-1.2000000000000002 0.8000000000000003 0.2 0.2 0.134375 0.0
-1.2000000000000002 1.0 0.2 0.2 0.13125 0.0
-1.2000000000000002 1.2000000000000002 0.2 0.2 0.12812500000000002 0.0
-1.2000000000000002 1.4 0.2 0.2 0.12500000000000003 0.0
-1.0 -1.6 0.2 0.2 0.11875 0.0
-1.0 -1.4000000000000001 0.2 0.2 0.12500000000000003 0.0
-1.0 -1.2000000000000002 0.2 0.2 0.13749999999999998 0.0
-1.0 -1.0 0.2 0.2 0.146875 0.0
-1.0 -0.8 0.2 0.2 0.15 0.0
-1.0 -0.6000000000000001 0.2 0.2 0.15 0.0
-1.0 -0.3999999999999999 0.2 0.2 0.15 0.0
-1.0 -0.19999999999999996 0.2 0.2 0.15 0.0
-1.0 0.0 0.2 0.2 0.15312499999999998 0.0
-1.0 0.19999999999999996 0.2 0.2 0.15625000000000003 0.0
-1.0 0.3999999999999999 0.2 0.2 0.15937500000000002 0.0
-1.0 0.6000000000000001 0.2 0.2 0.1625 0.0
-1.0 0.8000000000000003 0.2 0.2 0.1625 0.0
-1.0 1.0 0.2 0.2 0.15937500000000002 0.0
-1.0 1.2000000000000002 0.2 0.2 0.15625000000000003 0.0
-1.0 1.4 0.2 0.2 0.146875 0.0
-0.8 -1.6 0.2 0.2 0.12500000000000003 0.0
-0.8 -1.4000000000000001 0.2 0.2 0.14062500000000003 0.0
-0.8 -1.2000000000000002 0.2 0.2 0.15937500000000002 0.0
-0.8 -1.0 0.2 0.2 0.17500000000000002 0.0
-0.8 -0.8 0.2 0.2 0.18125 0.0
-0.8 -0.6000000000000001 0.2 0.2 0.178125 0.0
-0.8 -0.3999999999999999 0.2 0.2 0.178125 0.0
-0.8 -0.19999999999999996 0.2 0.2 0.178125 0.0
-0.8 0.0 0.2 0.2 0.18437499999999998 0.0
-0.8 0.19999999999999996 0.2 0.2 0.18750000000000003 0.0
-0.8 0.3999999999999999 0.2 0.2 0.19062500000000002 0.0
-0.8 0.6000000000000001 0.2 0.2 0.19375 0.0
-0.8 0.8000000000000003 0.2 0.2 0.19375 0.0
-0.8 1.0 0.2 0.2 0.19375 0.0
-0.8 1.2000000000000002 0.2 0.2 0.18750000000000003 0.0
-0.8 1.4 0.2 0.2 0.18125 0.0
-0.6000000000000001 -1.6 0.2 0.2 0.146875 0.0
-0.6000000000000001 -1.4000000000000001 0.2 0.2 0.16874999999999998 0.0
-0.6000000000000001 -1.2000000000000002 0.2 0.2 0.19375 0.0
-0.6000000000000001 -1.0 0.2 0.2 0.2125 0.0
-0.6000000000000001 -0.8 0.2 0.2 0.22187500000000002 0.0
-0.6000000000000001 -0.6000000000000001 0.2 0.2 0.21875000000000003 0.0
-0.6000000000000001 -0.3999999999999999 0.2 0.2 0.21562499999999998 0.0
-0.6000000000000001 -0.19999999999999996 0.2 0.2 0.21875000000000003 0.0
-0.6000000000000001 0.0 0.2 0.2 0.22187500000000002 0.0
-0.6000000000000001 0.19999999999999996 0.2 0.2 0.225 0.0
-0.6000000000000001 0.3999999999999999 0.2 0.2 0.228125 0.0
-0.6000000000000001 0.6000000000000001 0.2 0.2 0.23124999999999998 0.0
-0.6000000000000001 0.8000000000000003 0.2 0.2 0.228125 0.0
-0.6000000000000001 1.0 0.2 0.2 0.225 0.0
-0.6000000000000001 1.2000000000000002 0.2 0.2 0.22187500000000002 0.0
-0.6000000000000001 1.4 0.2 0.2 0.2125 0.0
-0.3999999999999999 -1.6 0.2 0.2 0.178125 0.0
-0.3999999999999999 -1.4000000000000001 0.2 0.2 0.209375 0.0
-0.3999999999999999 -1.2000000000000002 0.2 0.2 0.23750000000000002 0.0
-0.3999999999999999 -1.0 0.2 0.2 0.26249999999999996 0.0
-0.3999999999999999 -0.8 0.2 0.2 0.271875 0.0
-0.3999999999999999 -0.6000000000000001 0.2 0.2 0.26875000000000004 0.0
-0.3999999999999999 -0.3999999999999999 0.2 0.2 0.265625 0.0
-0.3999999999999999 -0.19999999999999996 0.2 0.2 0.265625 0.0
-0.3999999999999999 0.0 0.2 0.2 0.265625 0.0
-0.3999999999999999 0.19999999999999996 0.2 0.2 0.265625 0.0
-0.3999999999999999 0.3999999999999999 0.2 0.2 0.26249999999999996 0.0
-0.3999999999999999 0.6000000000000001 0.2 0.2 0.259375 0.0
-0.3999999999999999 0.8000000000000003 0.2 0.2 0.25625 0.0
-0.3999999999999999 1.0 0.2 0.2 0.25 0.0
-0.3999999999999999 1.2000000000000002 0.2 0.2 0.240625 0.0
-0.3999999999999999 1.4 0.2 0.2 0.23124999999999998 0.0
-0.19999999999999996 -1.6 0.2 0.2 0.21562499999999998 0.0
-0.19999999999999996 -1.4000000000000001 0.2 0.2 0.25 0.0
-0.19999999999999996 -1.2000000000000002 0.2 0.2 0.28437500000000004 0.0
-0.19999999999999996 -1.0 0.2 0.2 0.30937499999999996 0.0
-0.19999999999999996 -0.8 0.2 0.2 0.321875 0.0
-0.19999999999999996 -0.6000000000000001 0.2 0.2 0.31875 0.0
-0.19999999999999996 -0.3999999999999999 0.2 0.2 0.31562499999999993 0.0
-0.19999999999999996 -0.19999999999999996 0.2 0.2 0.31562499999999993 0.0
-0.19999999999999996 0.0 0.2 0.2 0.31562499999999993 0.0
-0.19999999999999996 0.19999999999999996 0.2 0.2 0.29999999999999993 0.0
-0.19999999999999996 0.3999999999999999 0.2 0.2 0.290625 0.0
-0.19999999999999996 0.6000000000000001 0.2 0.2 0.28125 0.0
-0.19999999999999996 0.8000000000000003 0.2 0.2 0.271875 0.0
-0.19999999999999996 1.0 0.2 0.2 0.259375 0.0
-0.19999999999999996 1.2000000000000002 0.2 0.2 0.24687499999999998 0.0
-0.19999999999999996 1.4 0.2 0.2 0.23437500000000003 0.0
0.0 -1.6 0.2 0.2 0.24375 0.0
0.0 -1.4000000000000001 0.2 0.2 0.28437500000000004 0.0
0.0 -1.2000000000000002 0.2 0.2 0.31875 0.0
0.0 -1.0 0.2 0.2 0.35 0.0
0.0 -0.8 0.2 0.2 0.36249999999999993 0.0
0.0 -0.6000000000000001 0.2 0.2 0.359375 0.0
0.0 -0.3999999999999999 0.2 0.2 0.353125 0.0
0.0 -0.19999999999999996 0.2 0.2 0.3375 0.0
0.0 0.0 0.2 0.2 0.33124999999999993 0.0
0.0 0.19999999999999996 0.2 0.2 0.32499999999999996 0.0
0.0 0.3999999999999999 0.2 0.2 0.3125 0.0
0.0 0.6000000000000001 0.2 0.2 0.296875 0.0
0.0 0.8000000000000003 0.2 0.2 0.27812499999999996 0.0
0.0 1.0 0.2 0.2 0.26249999999999996 0.0
0.0 1.2000000000000002 0.2 0.2 0.24375 0.0
0.0 1.4 0.2 0.2 0.23124999999999998 0.0
0.19999999999999996 -1.6 0.2 0.2 0.265625 0.0
0.19999999999999996 -1.4000000000000001 0.2 0.2 0.30625 0.0
0.19999999999999996 -1.2000000000000002 0.2 0.2 0.34375 0.0
0.19999999999999996 -1.0 0.2 0.2 0.37187499999999996 0.0
0.19999999999999996 -0.8 0.2 0.2 0.38749999999999996 0.0
0.19999999999999996 -0.6000000000000001 0.2 0.2 0.38125 0.0
0.19999999999999996 -0.3999999999999999 0.2 0.2 0.375 0.0
0.19999999999999996 -0.19999999999999996 0.2 0.2 0.365625 0.0
0.19999999999999996 0.0 0.2 0.2 0.353125 0.0
0.19999999999999996 0.19999999999999996 0.2 0.2 0.3375 0.0
0.19999999999999996 0.3999999999999999 0.2 0.2 0.321875 0.0
0.19999999999999996 0.6000000000000001 0.2 0.2 0.29999999999999993 0.0
0.19999999999999996 0.8000000000000003 0.2 0.2 0.27812499999999996 0.0
0.19999999999999996 1.0 0.2 0.2 0.25625 0.0
0.19999999999999996 1.2000000000000002 0.2 0.2 0.23437500000000003 0.0
0.19999999999999996 1.4 0.2 0.2 0.21875000000000003 0.0
0.3999999999999999 -1.6 0.2 0.2 0.271875 0.0
0.3999999999999999 -1.4000000000000001 0.2 0.2 0.3125 0.0
0.3999999999999999 -1.2000000000000002 0.2 0.2 0.34687499999999993 0.0
0.3999999999999999 -1.0 0.2 0.2 0.375 0.0
0.3999999999999999 -0.8 0.2 0.2 0.390625 0.0
0.3999999999999999 -0.6000000000000001 0.2 0.2 0.38749999999999996 0.0
0.3999999999999999 -0.3999999999999999 0.2 0.2 0.37812499999999993 0.0
0.3999999999999999 -0.19999999999999996 0.2 0.2 0.36875 0.0
0.3999999999999999 0.0 0.2 0.2 0.35624999999999996 0.0
0.3999999999999999 0.19999999999999996 0.2 0.2 0.34062499999999996 0.0
0.3999999999999999 0.3999999999999999 0.2 0.2 0.31875 0.0
0.3999999999999999 0.6000000000000001 0.2 0.2 0.29374999999999996 0.0
0.3999999999999999 0.8000000000000003 0.2 0.2 0.26875000000000004 0.0
0.3999999999999999 1.0 0.2 0.2 0.24375 0.0
0.3999999999999999 1.2000000000000002 0.2 0.2 0.22187500000000002 0.0
0.3999999999999999 1.4 0.2 0.2 0.19999999999999998 0.0
0.6000000000000001 -1.6 0.2 0.2 0.265625 0.0
0.6000000000000001 -1.4000000000000001 0.2 0.2 0.29999999999999993 0.0
0.6000000000000001 -1.2000000000000002 0.2 0.2 0.334375 0.0
0.6000000000000001 -1.0 0.2 0.2 0.359375 0.0
0.6000000000000001 -0.8 0.2 0.2 0.37187499999999996 0.0
0.6000000000000001 -0.6000000000000001 0.2 0.2 0.36875 0.0
0.6000000000000001 -0.3999999999999999 0.2 0.2 0.36249999999999993 0.0
0.6000000000000001 -0.19999999999999996 0.2 0.2 0.35624999999999996 0.0
0.6000000000000001 0.0 0.2 0.2 0.34375 0.0
0.6000000000000001 0.19999999999999996 0.2 0.2 0.328125 0.0
0.6000000000000001 0.3999999999999999 0.2 0.2 0.30625 0.0
0.6000000000000001 0.6000000000000001 0.2 0.2 0.28437500000000004 0.0
0.6000000000000001 0.8000000000000003 0.2 0.2 0.25625 0.0
0.6000000000000001 1.0 0.2 0.2 0.23124999999999998 0.0
0.6000000000000001 1.2000000000000002 0.2 0.2 0.20625000000000002 0.0
0.6000000000000001 1.4 0.2 0.2 0.18437499999999998 0.0
0.8000000000000003 -1.6 0.2 0.2 0.24687499999999998 0.0
0.8000000000000003 -1.4000000000000001 0.2 0.2 0.275 0.0
0.8000000000000003 -1.2000000000000002 0.2 0.2 0.303125 0.0
0.8000000000000003 -1.0 0.2 0.2 0.328125 0.0
0.8000000000000003 -0.8 0.2 0.2 0.3375 0.0
0.8000000000000003 -0.6000000000000001 0.2 0.2 0.334375 0.0
0.8000000000000003 -0.3999999999999999 0.2 0.2 0.33124999999999993 0.0
0.8000000000000003 -0.19999999999999996 0.2 0.2 0.32499999999999996 0.0
0.8000000000000003 0.0 0.2 0.2 0.31875 0.0
0.8000000000000003 0.19999999999999996 0.2 0.2 0.30625 0.0
0.8000000000000003 0.3999999999999999 0.2 0.2 0.2875 0.0
0.8000000000000003 0.6000000000000001 0.2 0.2 0.26875000000000004 0.0
0.8000000000000003 0.8000000000000003 0.2 0.2 0.24375 0.0
0.8000000000000003 1.0 0.2 0.2 0.21875000000000003 0.0
0.8000000000000003 1.2000000000000002 0.2 0.2 0.19375 0.0
0.8000000000000003 1.4 0.2 0.2 0.17187500000000003 0.0
1.0 -1.6 0.2 0.2 0.21562499999999998 0.0
1.0 -1.4000000000000001 0.2 0.2 0.23750000000000002 0.0
1.0 -1.2000000000000002 0.2 0.2 0.26249999999999996 0.0
1.0 -1.0 0.2 0.2 0.28125 0.0
1.0 -0.8 0.2 0.2 0.290625 0.0
1.0 -0.6000000000000001 0.2 0.2 0.2875 0.0
1.0 -0.3999999999999999 0.2 0.2 0.2875 0.0
1.0 -0.19999999999999996 0.2 0.2 0.2875 0.0
1.0 0.0 0.2 0.2 0.28437500000000004 0.0
1.0 0.19999999999999996 0.2 0.2 0.27812499999999996 0.0
1.0 0.3999999999999999 0.2 0.2 0.26875000000000004 0.0
1.0 0.6000000000000001 0.2 0.2 0.25312500000000004 0.0
1.0 0.8000000000000003 0.2 0.2 0.23437500000000003 0.0
1.0 1.0 0.2 0.2 0.209375 0.0
1.0 1.2000000000000002 0.2 0.2 0.18750000000000003 0.0
1.0 1.4 0.2 0.2 0.165625 0.0
1.2000000000000002 -1.6 0.2 0.2 0.178125 0.0
1.2000000000000002 -1.4000000000000001 0.2 0.2 0.196875 0.0
1.2000000000000002 -1.2000000000000002 0.2 0.2 0.21562499999999998 0.0
1.2000000000000002 -1.0 0.2 0.2 0.23124999999999998 0.0
1.2000000000000002 -0.8 0.2 0.2 0.23750000000000002 0.0
1.2000000000000002 -0.6000000000000001 0.2 0.2 0.23750000000000002 0.0
1.2000000000000002 -0.3999999999999999 0.2 0.2 0.240625 0.0
1.2000000000000002 -0.19999999999999996 0.2 0.2 0.24375 0.0
1.2000000000000002 0.0 0.2 0.2 0.25 0.0
1.2000000000000002 0.19999999999999996 0.2 0.2 0.25312500000000004 0.0
1.2000000000000002 0.3999999999999999 0.2 0.2 0.25 0.0
1.2000000000000002 0.6000000000000001 0.2 0.2 0.240625 0.0
1.2000000000000002 0.8000000000000003 0.2 0.2 0.228125 0.0
1.2000000000000002 1.0 0.2 0.2 0.2125 0.0
1.2000000000000002 1.2000000000000002 0.2 0.2 0.19375 0.0
1.2000000000000002 1.4 0.2 0.2 0.17187500000000003 0.0
1.4 -1.6 0.2 0.2 0.14062500000000003 0.0
1.4 -1.4000000000000001 0.2 0.2 0.15625000000000003 0.0
1.4 -1.2000000000000002 0.2 0.2 0.17187500000000003 0.0
1.4 -1.0 0.2 0.2 0.18750000000000003 0.0
1.4 -0.8 0.2 0.2 0.19375 0.0
1.4 -0.6000000000000001 0.2 0.2 0.19062500000000002 0.0
1.4 -0.3999999999999999 0.2 0.2 0.19999999999999998 0.0
1.4 -0.19999999999999996 0.2 0.2 0.209375 0.0
1.4 0.0 0.2 0.2 0.22187500000000002 0.0
1.4 0.19999999999999996 0.2 0.2 0.23437500000000003 0.0
1.4 0.3999999999999999 0.2 0.2 0.240625 0.0
1.4 0.6000000000000001 0.2 0.2 0.24375 0.0
1.4 0.8000000000000003 0.2 0.2 0.23750000000000002 0.0
1.4 1.0 0.2 0.2 0.228125 0.0
1.4 1.2000000000000002 0.2 0.2 0.2125 0.0
1.4 1.4 0.2 0.2 0.19375 0.0
-0.78266 0.15958 0.219535 0.19532 0.19532 0.19532 0.0 0 0 1 14.16886
-0.29836 0.96646 0.20217499999999997 0.09185 0.09185 0.09185 0.0 0 0 1 85.08853
-0.92552 1.11047 0.181825 0.17615 0.17615 0.17615 0.0 0 0 1 78.89743
-0.32327 0.11437 0.19174499999999997 0.05224 0.05224 0.05224 0.0 0 0 1 39.21684
-0.93718 1.15795 0.16637500000000002 0.14525 0.14525 0.14525 0.0 0 0 1 20.32871
-0.46551 1.01953 0.15295 0.0559 0.0559 0.0559 0.0 0 0 1 36.60671
0.45201 1.11644 0.21106 0.10962 0.10962 0.10962 0.0 0 0 1 7.74627
1.39816 0.31134 0.18696500000000002 0.06768 0.06768 0.06768 0.0 0 0 1 29.33295
0.05633 0.33579 0.2565449999999999 0.06309 0.06309 0.06309 0.0 0 0 1 10.77429
-0.23024 -1.26955 0.22184 0.14368 0.14368 0.14368 0.0 0 0 1 7.32124
0.70597 -0.62088 0.37221499999999996 0.16318 0.16318 0.16318 0.0 0 0 1 76.7367
1.23877 -0.18453 0.26942 0.16384 0.16384 0.16384 0.0 0 0 1 20.62472
-0.1689 -0.40257 0.24955999999999998 0.06162 0.06162 0.06162 0.0 0 0 1 5.01088
0.21433 -0.95686 0.33446999999999993 0.12519 0.12519 0.12519 0.0 0 0 1 40.56275
0.90084 0.17118 0.31930499999999995 0.15111 0.15111 0.15111 0.0 0 0 1 28.49751
0.41012 0.57517 0.250185 0.05662 0.05662 0.05662 0.0 0 0 1 54.3651
0.891 0.0658 0.24874 0.05998 0.05998 0.05998 0.0 0 0 1 4.85478
0.12795 1.11703 0.19318499999999997 0.06137 0.06137 0.06137 0.0 0 0 1 53.45196
0.17045 -1.21211 0.28332999999999997 0.12916 0.12916 0.12916 0.0 0 0 1 43.26993
-1.01703 -0.45526 0.08967999999999998 0.07936 0.07936 0.07936 0.0 0 0 1 50.7233
-1.1278 0.93125 0.071985 0.07522 0.07522 0.07522 0.0 0 0 1 47.79668
-0.43163 -0.57073 0.22731500000000002 0.11713 0.11713 0.11713 0.0 0 0 1 29.81329
0.40091 0.29973 0.324025 0.1668 0.1668 0.1668 0.0 0 0 1 65.72481
0.58966 0.42236 0.28545 0.1334 0.1334 0.1334 0.0 0 0 1 86.75918
-0.85381 0.89131 0.15817499999999998 0.12885 0.12885 0.12885 0.0 0 0 1 36.46262
-0.1705 -0.94866 0.27486 0.13097 0.13097 0.13097 0.0 0 0 1 51.03839
-0.89419 -1.11603 0.08189999999999997 0.0888 0.0888 0.0888 0.0 0 0 1 36.74596
-0.77764 1.3548 0.13327000000000003 0.09154 0.09154 0.09154 0.0 0 0 1 65.84406
-0.32774 -0.2904 0.3084199999999999 0.18559 0.18559 0.18559 0.0 0 0 1 26.79699
-0.97241 -0.35623 0.16873999999999997 0.18123 0.18123 0.18123 0.0 0 0 1 3.98541
0.52066 1.16216 0.17815 0.0688 0.0688 0.0688 0.0 0 0 1 28.48896
-0.53346 1.21179 0.18536 0.12697 0.12697 0.12697 0.0 0 0 1 18.18695
0.19716 -0.60711 0.32235499999999995 0.06971 0.06971 0.06971 0.0 0 0 1 48.87835
1.16289 -0.15317 0.26646499999999995 0.15793 0.15793 0.15793 0.0 0 0 1 8.83861
-0.69592 0.57122 0.121565 0.05563 0.05563 0.05563 0.0 0 0 1 11.54384
0.5876 -1.06688 0.33808499999999997 0.12617 0.12617 0.12617 0.0 0 0 1 16.2805
1.33615 0.2566 0.20931500000000006 0.11238 0.11238 0.11238 0.0 0 0 1 42.65398
-0.34864 1.15737 0.22278 0.14556 0.14556 0.14556 0.0 0 0 1 34.97687
0.11013 -1.33239 0.26338000000000006 0.11426 0.11426 0.11426 0.0 0 0 1 87.65443
1.31008 -1.30239 0.23747500000000002 0.19995 0.19995 0.19995 0.0 0 0 1 51.37082
0.03755 -0.53655 0.30620499999999995 0.09366 0.09366 0.09366 0.0 0 0 1 21.63106
-0.80428 -1.33841 0.09342500000000001 0.1056 0.1056 0.1056 0.0 0 0 1 47.11455
0.36825 -1.0917 0.33563 0.12751 0.12751 0.12751 0.0 0 0 1 68.99451
1.00391 0.6428 0.22502500000000006 0.11255 0.11255 0.11255 0.0 0 0 1 38.06403
0.97867 -1.39102 0.20399000000000003 0.05798 0.05798 0.05798 0.0 0 0 1 66.24832
-0.62651 0.86261 0.21647000000000002 0.17669 0.17669 0.17669 0.0 0 0 1 40.34848
-0.27531 0.80084 0.2287 0.11365 0.11365 0.11365 0.0 0 0 1 82.57512
-1.12053 -0.0071 0.125515 0.15103 0.15103 0.15103 0.0 0 0 1 81.86962
0.92587 -1.14906 0.22899 0.05173 0.05173 0.05173 0.0 0 0 1 18.0869
0.30701 1.02612 0.22577999999999995 0.12656 0.12656 0.12656 0.0 0 0 1 78.32856
-0.34726 0.44326 0.27929999999999994 0.0336 0.0336 0.0336 1000 0 0 1 3.61822
0.35041 -0.13072 0.38171 0.02592 0.02592 0.02592 1000 0 0 1 83.27504
0.61668 -0.42672 0.38727999999999996 0.04956 0.04956 0.04956 1000 0 0 1 73.75662
0.3851 0.01638 0.37993999999999994 0.04738 0.04738 0.04738 1000 0 0 1 4.36505
-0.76964 -0.01237 0.20926999999999998 0.04979 0.04979 0.04979 1000 0 0 1 84.62973
0.02796 -0.77175 0.38689499999999993 0.04879 0.04879 0.04879 1000 0 0 1 61.46437
-0.55934 0.43285 0.242945 0.02964 0.02964 0.02964 1000 0 0 1 34.30336
0.64854 -0.81846 0.38214 0.02053 0.02053 0.02053 1000 0 0 1 71.80051
-0.63729 0.33459 0.2423 0.02835 0.02835 0.02835 1000 0 0 1 45.88876
-0.77623 -0.82188 0.205685 0.04887 0.04887 0.04887 1000 0 0 1 85.43574
0.46285 0.6302 0.31048 0.03346 0.03346 0.03346 1000 0 0 1 52.90131
0.21726 -0.40689 0.39536 0.04072 0.04072 0.04072 1000 0 0 1 54.89409
-0.83838 0.58806 0.213125 0.03875 0.03875 0.03875 1000 0 0 1 85.94651
0.61142 -0.37514 0.37287999999999993 0.02076 0.02076 0.02076 1000 0 0 1 77.51912
0.55286 0.55557 0.29567000000000004 0.02259 0.02259 0.02259 1000 0 0 1 5.76301
0.22955 -0.3613 0.39483 0.03966 0.03966 0.03966 1000 0 0 1 65.01081
-0.23702 0.37341 0.300715 0.02018 0.02018 0.02018 1000 0 0 1 63.69025
-0.18022 0.39182 0.30961500000000003 0.03798 0.03798 0.03798 1000 0 0 1 69.34637
-0.65745 -0.16079 0.23674000000000003 0.03598 0.03598 0.03598 1000 0 0 1 3.59225
-0.42985 -0.7777 0.28291499999999997 0.02208 0.02208 0.02208 1000 0 0 1 56.3022
0.16684 -0.34022 0.391345 0.03269 0.03269 0.03269 1000 0 0 1 8.11093
0.21289 -0.75485 0.40439499999999995 0.03379 0.03379 0.03379 1000 0 0 1 73.01807
-0.86288 0.54311 0.2042 0.0209 0.0209 0.0209 1000 0 0 1 38.82171
-0.73322 0.03251 0.196315 0.02388 0.02388 0.02388 1000 0 0 1 84.31902
0.3614 0.52988 0.30489999999999995 0.0223 0.0223 0.0223 1000 0 0 1 8.23787
0.38239 -0.44857 0.3980849999999999 0.03992 0.03992 0.03992 1000 0 0 1 18.37111
-0.06709 -0.77556 0.3757749999999999 0.02655 0.02655 0.02655 1000 0 0 1 20.30051
0.66623 -0.39527 0.3787749999999999 0.03255 0.03255 0.03255 1000 0 0 1 55.57494
-0.56423 0.5993 0.25034 0.03818 0.03818 0.03818 1000 0 0 1 49.70312
-0.60754 -0.58378 0.23662500000000003 0.03575 0.03575 0.03575 1000 0 0 1 85.25369
-0.41912 0.60243 0.27905 0.03935 0.03935 0.03935 1000 0 0 1 38.41807
-0.7861 -0.75324 0.19854 0.03458 0.03458 0.03458 1000 0 0 1 22.44714
0.46162 -0.57226 0.40561499999999995 0.03623 0.03623 0.03623 1000 0 0 1 79.52454
-0.02842 0.43211 0.329005 0.03301 0.03301 0.03301 1000 0 0 1 73.41388
-0.83356 -0.23016 0.20053500000000002 0.04482 0.04482 0.04482 1000 0 0 1 23.81073
-0.24891 0.55504 0.30085 0.0392 0.0392 0.0392 1000 0 0 1 75.50623
0.25463 0.34962 0.34248 0.04121 0.04121 0.04121 1000 0 0 1 36.63492
-0.35811 0.02969 0.284125 0.037 0.037 0.037 1000 0 0 1 65.78927
-0.44676 0.19697 0.28298 0.03471 0.03471 0.03471 1000 0 0 1 49.48218
0.22595 0.63159 0.3145549999999999 0.02911 0.02911 0.02911 1000 0 0 1 44.25286
-0.57966 0.46955 0.23871 0.02117 0.02117 0.02117 1000 0 0 1 80.32271
-0.07369 -0.59238 0.37131 0.02387 0.02387 0.02387 1000 0 0 1 60.0752
0.44913 -0.15601 0.3911 0.0447 0.0447 0.0447 1000 0 0 1 51.17042
-0.01082 -0.64853 0.37011 0.02147 0.02147 0.02147 1000 0 0 1 30.83468
0.22964 0.40805 0.344165 0.04458 0.04458 0.04458 1000 0 0 1 2.35645
-0.84258 0.4181 0.21466000000000002 0.04807 0.04807 0.04807 1000 0 0 1 81.12757
-0.5532 0.15218 0.24131 0.03262 0.03262 0.03262 1000 0 0 1 52.68949
-0.25368 -0.54266 0.33779499999999996 0.03809 0.03809 0.03809 1000 0 0 1 28.95877
0.16934 -0.79163 0.40963999999999995 0.04428 0.04428 0.04428 1000 0 0 1 80.17611
-0.75644 0.60374 0.217105 0.04671 0.04671 0.04671 1000 0 0 1 26.86619
