-1.6 -1.6 0.2 0.2 0.290625 0.0
-1.6 -1.4000000000000001 0.2 0.2 0.28437500000000004 0.0
-1.6 -1.2000000000000002 0.2 0.2 0.28125 0.0
-1.6 -1.0 0.2 0.2 0.28125 0.0
-1.6 -0.8 0.2 0.2 0.29375000000000007 0.0
-1.6 -0.6000000000000001 0.2 0.2 0.31562500000000004 0.0
-1.6 -0.3999999999999999 0.2 0.2 0.34687500000000004 0.0
-1.6 -0.19999999999999996 0.2 0.2 0.37187500000000007 0.0
-1.6 0.0 0.2 0.2 0.3906250000000001 0.0
-1.6 0.19999999999999996 0.2 0.2 0.3968750000000001 0.0
-1.6 0.3999999999999999 0.2 0.2 0.38750000000000007 0.0
-1.6 0.6000000000000001 0.2 0.2 0.3656250000000001 0.0
-1.6 0.8000000000000003 0.2 0.2 0.33125000000000004 0.0
-1.6 1.0 0.2 0.2 0.2875000000000001 0.0
-1.6 1.2000000000000002 0.2 0.2 0.24687500000000004 0.0
-1.6 1.4 0.2 0.2 0.20937500000000006 0.0
-1.4000000000000001 -1.6 0.2 0.2 0.3031250000000001 0.0
-1.4000000000000001 -1.4000000000000001 0.2 0.2 0.296875 0.0
-1.4000000000000001 -1.2000000000000002 0.2 0.2 0.2875000000000001 0.0
-1.4000000000000001 -1.0 0.2 0.2 0.2875000000000001 0.0
-1.4000000000000001 -0.8 0.2 0.2 0.296875 0.0
-1.4000000000000001 -0.6000000000000001 0.2 0.2 0.3187500000000001 0.0
-1.4000000000000001 -0.3999999999999999 0.2 0.2 0.34687500000000004 0.0
-1.4000000000000001 -0.19999999999999996 0.2 0.2 0.3750000000000001 0.0
-1.4000000000000001 0.0 0.2 0.2 0.39375000000000004 0.0
-1.4000000000000001 0.19999999999999996 0.2 0.2 0.40312500000000007 0.0
-1.4000000000000001 0.3999999999999999 0.2 0.2 0.3968750000000001 0.0
-1.4000000000000001 0.6000000000000001 0.2 0.2 0.37812500000000004 0.0
-1.4000000000000001 0.8000000000000003 0.2 0.2 0.34687500000000004 0.0
-1.4000000000000001 1.0 0.2 0.2 0.30625 0.0
-1.4000000000000001 1.2000000000000002 0.2 0.2 0.26250000000000007 0.0
-1.4000000000000001 1.4 0.2 0.2 0.22812500000000005 0.0
-1.2000000000000002 -1.6 0.2 0.2 0.30937500000000007 0.0
-1.2000000000000002 -1.4000000000000001 0.2 0.2 0.296875 0.0
-1.2000000000000002 -1.2000000000000002 0.2 0.2 0.290625 0.0
-1.2000000000000002 -1.0 0.2 0.2 0.28437500000000004 0.0
-1.2000000000000002 -0.8 0.2 0.2 0.290625 0.0
-1.2000000000000002 -0.6000000000000001 0.2 0.2 0.3125 0.0
-1.2000000000000002 -0.3999999999999999 0.2 0.2 0.34062500000000007 0.0
-1.2000000000000002 -0.19999999999999996 0.2 0.2 0.37187500000000007 0.0
-1.2000000000000002 0.0 0.2 0.2 0.39375000000000004 0.0
-1.2000000000000002 0.19999999999999996 0.2 0.2 0.4062500000000001 0.0
-1.2000000000000002 0.3999999999999999 0.2 0.2 0.40312500000000007 0.0
-1.2000000000000002 0.6000000000000001 0.2 0.2 0.38750000000000007 0.0
-1.2000000000000002 0.8000000000000003 0.2 0.2 0.3593750000000001 0.0
-1.2000000000000002 1.0 0.2 0.2 0.321875 0.0
-1.2000000000000002 1.2000000000000002 0.2 0.2 0.27812500000000007 0.0
-1.2000000000000002 1.4 0.2 0.2 0.24062500000000006 0.0
-1.0 -1.6 0.2 0.2 0.30625 0.0
-1.0 -1.4000000000000001 0.2 0.2 0.290625 0.0
-1.0 -1.2000000000000002 0.2 0.2 0.27812500000000007 0.0
-1.0 -1.0 0.2 0.2 0.2718750000000001 0.0
-1.0 -0.8 0.2 0.2 0.27812500000000007 0.0
-1.0 -0.6000000000000001 0.2 0.2 0.296875 0.0
-1.0 -0.3999999999999999 0.2 0.2 0.32500000000000007 0.0
-1.0 -0.19999999999999996 0.2 0.2 0.35625000000000007 0.0
-1.0 0.0 0.2 0.2 0.384375 0.0
-1.0 0.19999999999999996 0.2 0.2 0.4 0.0
-1.0 0.3999999999999999 0.2 0.2 0.4 0.0
-1.0 0.6000000000000001 0.2 0.2 0.3906250000000001 0.0
-1.0 0.8000000000000003 0.2 0.2 0.36250000000000004 0.0
-1.0 1.0 0.2 0.2 0.328125 0.0
-1.0 1.2000000000000002 0.2 0.2 0.2875000000000001 0.0
-1.0 1.4 0.2 0.2 0.25 0.0
-0.8 -1.6 0.2 0.2 0.290625 0.0
-0.8 -1.4000000000000001 0.2 0.2 0.275 0.0
-0.8 -1.2000000000000002 0.2 0.2 0.259375 0.0
-0.8 -1.0 0.2 0.2 0.25 0.0
-0.8 -0.8 0.2 0.2 0.25312500000000004 0.0
-0.8 -0.6000000000000001 0.2 0.2 0.2718750000000001 0.0
-0.8 -0.3999999999999999 0.2 0.2 0.3031250000000001 0.0
-0.8 -0.19999999999999996 0.2 0.2 0.3343750000000001 0.0
-0.8 0.0 0.2 0.2 0.3656250000000001 0.0
-0.8 0.19999999999999996 0.2 0.2 0.384375 0.0
-0.8 0.3999999999999999 0.2 0.2 0.38750000000000007 0.0
-0.8 0.6000000000000001 0.2 0.2 0.3812500000000001 0.0
-0.8 0.8000000000000003 0.2 0.2 0.3593750000000001 0.0
-0.8 1.0 0.2 0.2 0.32500000000000007 0.0
-0.8 1.2000000000000002 0.2 0.2 0.2875000000000001 0.0
-0.8 1.4 0.2 0.2 0.25 0.0
-0.6000000000000001 -1.6 0.2 0.2 0.26875000000000004 0.0
-0.6000000000000001 -1.4000000000000001 0.2 0.2 0.24687500000000004 0.0
-0.6000000000000001 -1.2000000000000002 0.2 0.2 0.22812500000000005 0.0
-0.6000000000000001 -1.0 0.2 0.2 0.21562500000000004 0.0
-0.6000000000000001 -0.8 0.2 0.2 0.21562500000000004 0.0
-0.6000000000000001 -0.6000000000000001 0.2 0.2 0.23750000000000002 0.0
-0.6000000000000001 -0.3999999999999999 0.2 0.2 0.26875000000000004 0.0
-0.6000000000000001 -0.19999999999999996 0.2 0.2 0.3031250000000001 0.0
-0.6000000000000001 0.0 0.2 0.2 0.3343750000000001 0.0
-0.6000000000000001 0.19999999999999996 0.2 0.2 0.35625000000000007 0.0
-0.6000000000000001 0.3999999999999999 0.2 0.2 0.36250000000000004 0.0
-0.6000000000000001 0.6000000000000001 0.2 0.2 0.35625000000000007 0.0
-0.6000000000000001 0.8000000000000003 0.2 0.2 0.3375 0.0
-0.6000000000000001 1.0 0.2 0.2 0.30625 0.0
-0.6000000000000001 1.2000000000000002 0.2 0.2 0.26875000000000004 0.0
-0.6000000000000001 1.4 0.2 0.2 0.23437500000000003 0.0
-0.3999999999999999 -1.6 0.2 0.2 0.24062500000000006 0.0
-0.3999999999999999 -1.4000000000000001 0.2 0.2 0.21562500000000004 0.0
-0.3999999999999999 -1.2000000000000002 0.2 0.2 0.19375000000000006 0.0
-0.3999999999999999 -1.0 0.2 0.2 0.17812500000000006 0.0
-0.3999999999999999 -0.8 0.2 0.2 0.17812500000000006 0.0
-0.3999999999999999 -0.6000000000000001 0.2 0.2 0.19687500000000005 0.0
-0.3999999999999999 -0.3999999999999999 0.2 0.2 0.23125000000000004 0.0
-0.3999999999999999 -0.19999999999999996 0.2 0.2 0.265625 0.0
-0.3999999999999999 0.0 0.2 0.2 0.29375000000000007 0.0
-0.3999999999999999 0.19999999999999996 0.2 0.2 0.31562500000000004 0.0
-0.3999999999999999 0.3999999999999999 0.2 0.2 0.32500000000000007 0.0
-0.3999999999999999 0.6000000000000001 0.2 0.2 0.321875 0.0
-0.3999999999999999 0.8000000000000003 0.2 0.2 0.3031250000000001 0.0
-0.3999999999999999 1.0 0.2 0.2 0.27812500000000007 0.0
-0.3999999999999999 1.2000000000000002 0.2 0.2 0.24375000000000005 0.0
-0.3999999999999999 1.4 0.2 0.2 0.20937500000000006 0.0
-0.19999999999999996 -1.6 0.2 0.2 0.21562500000000004 0.0
-0.19999999999999996 -1.4000000000000001 0.2 0.2 0.18437500000000004 0.0
-0.19999999999999996 -1.2000000000000002 0.2 0.2 0.15937500000000002 0.0
-0.19999999999999996 -1.0 0.2 0.2 0.14375000000000002 0.0
-0.19999999999999996 -0.8 0.2 0.2 0.14375000000000002 0.0
-0.19999999999999996 -0.6000000000000001 0.2 0.2 0.16562500000000005 0.0
-0.19999999999999996 -0.3999999999999999 0.2 0.2 0.19375000000000006 0.0
-0.19999999999999996 -0.19999999999999996 0.2 0.2 0.22812500000000005 0.0
-0.19999999999999996 0.0 0.2 0.2 0.24062500000000006 0.0
-0.19999999999999996 0.19999999999999996 0.2 0.2 0.275 0.0
-0.19999999999999996 0.3999999999999999 0.2 0.2 0.28437500000000004 0.0
-0.19999999999999996 0.6000000000000001 0.2 0.2 0.28125 0.0
-0.19999999999999996 0.8000000000000003 0.2 0.2 0.265625 0.0
-0.19999999999999996 1.0 0.2 0.2 0.24375000000000005 0.0
-0.19999999999999996 1.2000000000000002 0.2 0.2 0.21562500000000004 0.0
-0.19999999999999996 1.4 0.2 0.2 0.18750000000000003 0.0
0.0 -1.6 0.2 0.2 0.19375000000000006 0.0
0.0 -1.4000000000000001 0.2 0.2 0.15937500000000002 0.0
0.0 -1.2000000000000002 0.2 0.2 0.13437500000000005 0.0
0.0 -1.0 0.2 0.2 0.115625 0.0
0.0 -0.8 0.2 0.2 0.11875000000000005 0.0
0.0 -0.6000000000000001 0.2 0.2 0.14062500000000003 0.0
0.0 -0.3999999999999999 0.2 0.2 0.16875000000000004 0.0
0.0 -0.19999999999999996 0.2 0.2 0.21250000000000005 0.0
0.0 0.0 0.2 0.2 0.22500000000000006 0.0
0.0 0.19999999999999996 0.2 0.2 0.24062500000000006 0.0
0.0 0.3999999999999999 0.2 0.2 0.24687500000000004 0.0
0.0 0.6000000000000001 0.2 0.2 0.24375000000000005 0.0
0.0 0.8000000000000003 0.2 0.2 0.23125000000000004 0.0
0.0 1.0 0.2 0.2 0.21250000000000005 0.0
0.0 1.2000000000000002 0.2 0.2 0.18750000000000003 0.0
0.0 1.4 0.2 0.2 0.16875000000000004 0.0
0.19999999999999996 -1.6 0.2 0.2 0.18125000000000005 0.0
0.19999999999999996 -1.4000000000000001 0.2 0.2 0.14687500000000006 0.0
0.19999999999999996 -1.2000000000000002 0.2 0.2 0.11875000000000005 0.0
0.19999999999999996 -1.0 0.2 0.2 0.10312500000000005 0.0
0.19999999999999996 -0.8 0.2 0.2 0.10625000000000004 0.0
0.19999999999999996 -0.6000000000000001 0.2 0.2 0.12812500000000002 0.0
0.19999999999999996 -0.3999999999999999 0.2 0.2 0.15625000000000003 0.0
0.19999999999999996 -0.19999999999999996 0.2 0.2 0.18125000000000005 0.0
0.19999999999999996 0.0 0.2 0.2 0.20000000000000004 0.0
0.19999999999999996 0.19999999999999996 0.2 0.2 0.21250000000000005 0.0
0.19999999999999996 0.3999999999999999 0.2 0.2 0.21562500000000004 0.0
0.19999999999999996 0.6000000000000001 0.2 0.2 0.21250000000000005 0.0
0.19999999999999996 0.8000000000000003 0.2 0.2 0.20000000000000004 0.0
0.19999999999999996 1.0 0.2 0.2 0.18437500000000004 0.0
0.19999999999999996 1.2000000000000002 0.2 0.2 0.16875000000000004 0.0
0.19999999999999996 1.4 0.2 0.2 0.15625000000000003 0.0
0.3999999999999999 -1.6 0.2 0.2 0.17500000000000002 0.0
0.3999999999999999 -1.4000000000000001 0.2 0.2 0.14062500000000003 0.0
0.3999999999999999 -1.2000000000000002 0.2 0.2 0.115625 0.0
0.3999999999999999 -1.0 0.2 0.2 0.1 0.0
0.3999999999999999 -0.8 0.2 0.2 0.10625000000000004 0.0
0.3999999999999999 -0.6000000000000001 0.2 0.2 0.13125 0.0
0.3999999999999999 -0.3999999999999999 0.2 0.2 0.15625000000000003 0.0
0.3999999999999999 -0.19999999999999996 0.2 0.2 0.17500000000000002 0.0
0.3999999999999999 0.0 0.2 0.2 0.19062500000000002 0.0
0.3999999999999999 0.19999999999999996 0.2 0.2 0.19687500000000005 0.0
0.3999999999999999 0.3999999999999999 0.2 0.2 0.19687500000000005 0.0
0.3999999999999999 0.6000000000000001 0.2 0.2 0.19062500000000002 0.0
0.3999999999999999 0.8000000000000003 0.2 0.2 0.17812500000000006 0.0
0.3999999999999999 1.0 0.2 0.2 0.16875000000000004 0.0
0.3999999999999999 1.2000000000000002 0.2 0.2 0.15625000000000003 0.0
0.3999999999999999 1.4 0.2 0.2 0.15312500000000004 0.0
0.6000000000000001 -1.6 0.2 0.2 0.18125000000000005 0.0
0.6000000000000001 -1.4000000000000001 0.2 0.2 0.14687500000000006 0.0
0.6000000000000001 -1.2000000000000002 0.2 0.2 0.12500000000000003 0.0
0.6000000000000001 -1.0 0.2 0.2 0.11250000000000002 0.0
0.6000000000000001 -0.8 0.2 0.2 0.12187500000000004 0.0
0.6000000000000001 -0.6000000000000001 0.2 0.2 0.14687500000000006 0.0
0.6000000000000001 -0.3999999999999999 0.2 0.2 0.16875000000000004 0.0
0.6000000000000001 -0.19999999999999996 0.2 0.2 0.18437500000000004 0.0
0.6000000000000001 0.0 0.2 0.2 0.19062500000000002 0.0
0.6000000000000001 0.19999999999999996 0.2 0.2 0.19375000000000006 0.0
0.6000000000000001 0.3999999999999999 0.2 0.2 0.18750000000000003 0.0
0.6000000000000001 0.6000000000000001 0.2 0.2 0.18125000000000005 0.0
0.6000000000000001 0.8000000000000003 0.2 0.2 0.16875000000000004 0.0
0.6000000000000001 1.0 0.2 0.2 0.15937500000000002 0.0
0.6000000000000001 1.2000000000000002 0.2 0.2 0.15625000000000003 0.0
0.6000000000000001 1.4 0.2 0.2 0.15937500000000002 0.0
0.8000000000000003 -1.6 0.2 0.2 0.19062500000000002 0.0
0.8000000000000003 -1.4000000000000001 0.2 0.2 0.16250000000000006 0.0
0.8000000000000003 -1.2000000000000002 0.2 0.2 0.14375000000000002 0.0
0.8000000000000003 -1.0 0.2 0.2 0.13437500000000005 0.0
0.8000000000000003 -0.8 0.2 0.2 0.14687500000000006 0.0
0.8000000000000003 -0.6000000000000001 0.2 0.2 0.17187500000000003 0.0
0.8000000000000003 -0.3999999999999999 0.2 0.2 0.19375000000000006 0.0
0.8000000000000003 -0.19999999999999996 0.2 0.2 0.20312500000000003 0.0
0.8000000000000003 0.0 0.2 0.2 0.20625000000000002 0.0
0.8000000000000003 0.19999999999999996 0.2 0.2 0.20000000000000004 0.0
0.8000000000000003 0.3999999999999999 0.2 0.2 0.19062500000000002 0.0
0.8000000000000003 0.6000000000000001 0.2 0.2 0.18125000000000005 0.0
0.8000000000000003 0.8000000000000003 0.2 0.2 0.17187500000000003 0.0
0.8000000000000003 1.0 0.2 0.2 0.16250000000000006 0.0
0.8000000000000003 1.2000000000000002 0.2 0.2 0.16250000000000006 0.0
0.8000000000000003 1.4 0.2 0.2 0.17500000000000002 0.0
1.0 -1.6 0.2 0.2 0.20625000000000002 0.0
1.0 -1.4000000000000001 0.2 0.2 0.18437500000000004 0.0
1.0 -1.2000000000000002 0.2 0.2 0.16875000000000004 0.0
1.0 -1.0 0.2 0.2 0.16562500000000005 0.0
1.0 -0.8 0.2 0.2 0.17812500000000006 0.0
1.0 -0.6000000000000001 0.2 0.2 0.20625000000000002 0.0
1.0 -0.3999999999999999 0.2 0.2 0.22187500000000002 0.0
1.0 -0.19999999999999996 0.2 0.2 0.22812500000000005 0.0
1.0 0.0 0.2 0.2 0.22812500000000005 0.0
1.0 0.19999999999999996 0.2 0.2 0.21875000000000003 0.0
1.0 0.3999999999999999 0.2 0.2 0.20625000000000002 0.0
1.0 0.6000000000000001 0.2 0.2 0.19062500000000002 0.0
1.0 0.8000000000000003 0.2 0.2 0.18125000000000005 0.0
1.0 1.0 0.2 0.2 0.17500000000000002 0.0
1.0 1.2000000000000002 0.2 0.2 0.18125000000000005 0.0
1.0 1.4 0.2 0.2 0.19687500000000005 0.0
1.2000000000000002 -1.6 0.2 0.2 0.22500000000000006 0.0
1.2000000000000002 -1.4000000000000001 0.2 0.2 0.20625000000000002 0.0
1.2000000000000002 -1.2000000000000002 0.2 0.2 0.19375000000000006 0.0
1.2000000000000002 -1.0 0.2 0.2 0.19375000000000006 0.0
1.2000000000000002 -0.8 0.2 0.2 0.21250000000000005 0.0
1.2000000000000002 -0.6000000000000001 0.2 0.2 0.24062500000000006 0.0
1.2000000000000002 -0.3999999999999999 0.2 0.2 0.2562500000000001 0.0
1.2000000000000002 -0.19999999999999996 0.2 0.2 0.259375 0.0
1.2000000000000002 0.0 0.2 0.2 0.25312500000000004 0.0
1.2000000000000002 0.19999999999999996 0.2 0.2 0.24062500000000006 0.0
1.2000000000000002 0.3999999999999999 0.2 0.2 0.22500000000000006 0.0
1.2000000000000002 0.6000000000000001 0.2 0.2 0.20937500000000006 0.0
1.2000000000000002 0.8000000000000003 0.2 0.2 0.19687500000000005 0.0
1.2000000000000002 1.0 0.2 0.2 0.19375000000000006 0.0
1.2000000000000002 1.2000000000000002 0.2 0.2 0.20000000000000004 0.0
1.2000000000000002 1.4 0.2 0.2 0.22187500000000002 0.0
1.4 -1.6 0.2 0.2 0.23750000000000002 0.0
1.4 -1.4000000000000001 0.2 0.2 0.22187500000000002 0.0
1.4 -1.2000000000000002 0.2 0.2 0.21562500000000004 0.0
1.4 -1.0 0.2 0.2 0.21875000000000003 0.0
1.4 -0.8 0.2 0.2 0.23437500000000003 0.0
1.4 -0.6000000000000001 0.2 0.2 0.26250000000000007 0.0
1.4 -0.3999999999999999 0.2 0.2 0.27812500000000007 0.0
1.4 -0.19999999999999996 0.2 0.2 0.28125 0.0
1.4 0.0 0.2 0.2 0.275 0.0
1.4 0.19999999999999996 0.2 0.2 0.259375 0.0
1.4 0.3999999999999999 0.2 0.2 0.24375000000000005 0.0
1.4 0.6000000000000001 0.2 0.2 0.22812500000000005 0.0
1.4 0.8000000000000003 0.2 0.2 0.21875000000000003 0.0
1.4 1.0 0.2 0.2 0.21562500000000004 0.0
1.4 1.2000000000000002 0.2 0.2 0.22187500000000002 0.0
1.4 1.4 0.2 0.2 0.24687500000000004 0.0
-0.70094 -1.1445 0.24248000000000006 0.12871 0.12871 0.12871 0.0 0 0 1 72.96246
0.59441 1.13698 0.15144000000000005 0.16538 0.16538 0.16538 0.0 0 0 1 36.65319
0.52665 0.18766 0.13023500000000005 0.06672 0.06672 0.06672 0.0 0 0 1 71.8554
-0.54396 0.83809 0.33809500000000015 0.15744 0.15744 0.15744 0.0 0 0 1 9.32859
-1.25966 1.00898 0.27086 0.09797 0.09797 0.09797 0.0 0 0 1 35.75701
-0.64513 -0.59729 0.28939000000000004 0.18503 0.18503 0.18503 0.0 0 0 1 42.24082
-0.85 0.40746 0.38372000000000006 0.16119 0.16119 0.16119 0.0 0 0 1 71.04342
0.90745 0.2567 0.17720500000000003 0.11691 0.11691 0.11691 0.0 0 0 1 59.7834
-1.26177 -0.86718 0.2376 0.08145 0.08145 0.08145 0.0 0 0 1 71.62999
-0.30282 -1.13292 0.13021000000000005 0.07292 0.07292 0.07292 0.0 0 0 1 18.46365
0.7095 -0.04379 0.15674000000000002 0.10723 0.10723 0.10723 0.0 0 0 1 37.26131
-1.17928 -0.83498 0.27886500000000003 0.17648 0.17648 0.17648 0.0 0 0 1 20.95741
0.79137 -1.05487 0.08041000000000001 0.07332 0.07332 0.07332 0.0 0 0 1 72.04625
0.38797 0.99661 0.13754000000000002 0.07508 0.07508 0.07508 0.0 0 0 1 21.94319
-1.1379 -0.15746 0.3093450000000001 0.06869 0.06869 0.06869 0.0 0 0 1 8.62347
0.4417 1.29607 0.14737000000000003 0.15724 0.15724 0.15724 0.0 0 0 1 23.7282
-0.21112 0.76507 0.263525 0.0833 0.0833 0.0833 0.0 0 0 1 36.91821
0.28117 1.00461 0.15345500000000004 0.08191 0.08191 0.08191 0.0 0 0 1 38.02392
-0.73158 -0.1508 0.35285500000000014 0.17446 0.17446 0.17446 0.0 0 0 1 12.31183
0.18585 -0.55264 0.09743500000000002 0.11362 0.11362 0.11362 0.0 0 0 1 53.21662
-0.08344 1.0435 0.2405950000000001 0.12494 0.12494 0.12494 0.0 0 0 1 17.13396
0.46157 0.77075 0.15379500000000004 0.08259 0.08259 0.08259 0.0 0 0 1 2.81468
-0.34493 0.3307 0.3213250000000001 0.13015 0.13015 0.13015 0.0 0 0 1 77.64413
1.07416 0.45498 0.15744500000000003 0.10239 0.10239 0.10239 0.0 0 0 1 65.74084
1.18913 -0.51372 0.23337500000000008 0.1855 0.1855 0.1855 0.0 0 0 1 60.75231
0.03486 -1.29546 0.12512500000000004 0.0815 0.0815 0.0815 0.0 0 0 1 13.95062
-0.68184 0.49167 0.374665 0.14933 0.14933 0.14933 0.0 0 0 1 46.13581
1.16073 -0.82348 0.15416500000000008 0.12083 0.12083 0.12083 0.0 0 0 1 35.99278
0.35154 -0.38986 0.15523000000000006 0.17296 0.17296 0.17296 0.0 0 0 1 78.89005
0.43685 0.00137 0.19699000000000003 0.19398 0.19398 0.19398 0.0 0 0 1 48.9961
0.09592 0.45958 0.24268000000000003 0.11661 0.11661 0.11661 0.0 0 0 1 69.32877
-0.43299 0.3292 0.30983000000000005 0.09466 0.09466 0.09466 0.0 0 0 1 16.09453
0.67656 1.31257 0.11676 0.11477 0.11477 0.11477 0.0 0 0 1 53.46357
-0.10274 0.70212 0.211535 0.06057 0.06057 0.06057 0.0 0 0 1 84.82517
0.64126 0.27557 0.14121500000000003 0.08868 0.08868 0.08868 0.0 0 0 1 83.03969
1.35051 0.41465 0.18008000000000005 0.07266 0.07266 0.07266 0.0 0 0 1 48.36959
0.93237 -0.59164 0.09800000000000003 0.05225 0.05225 0.05225 0.0 0 0 1 7.89007
0.15589 -0.95494 0.140155 0.19281 0.19281 0.19281 0.0 0 0 1 45.26322
0.49362 -0.65983 0.06791 0.07332 0.07332 0.07332 0.0 0 0 1 21.95289
-0.15878 0.59157 0.30244000000000004 0.15488 0.15488 0.15488 0.0 0 0 1 39.12447
0.14204 -0.3937 0.21054000000000003 0.19608 0.19608 0.19608 0.0 0 0 1 74.20771
0.57692 0.32539 0.17377000000000006 0.15379 0.15379 0.15379 0.0 0 0 1 64.29824
-1.00144 -0.84433 0.250335 0.11942 0.11942 0.11942 0.0 0 0 1 71.4035
1.39139 -0.93177 0.20761500000000002 0.17773 0.17773 0.17773 0.0 0 0 1 69.17906
0.4883 1.19088 0.13252500000000003 0.0963 0.0963 0.0963 0.0 0 0 1 66.24095
-0.46699 0.58087 0.31364000000000003 0.10228 0.10228 0.10228 0.0 0 0 1 18.39992
0.18698 -1.1329 0.15433500000000003 0.18992 0.18992 0.18992 0.0 0 0 1 77.07489
-0.44177 0.71644 0.37134500000000004 0.18019 0.18019 0.18019 0.0 0 0 1 83.9119
0.33484 -0.99999 0.03615000000000004 0.06605 0.06605 0.06605 0.0 0 0 1 87.69989
0.02453 -0.63354 0.08364000000000002 0.07978 0.07978 0.07978 0.0 0 0 1 50.7086
-0.4223 -0.37864 0.255045 0.04759 0.04759 0.04759 1000 0 0 1 56.93717
0.33187 -0.87332 0.11837000000000004 0.02424 0.02424 0.02424 1000 0 0 1 77.7707
0.66956 -0.26756 0.19538000000000003 0.02201 0.02201 0.02201 1000 0 0 1 83.57209
0.40293 -0.78818 0.12846500000000005 0.04443 0.04443 0.04443 1000 0 0 1 70.35698
-0.43693 -0.80932 0.20305500000000007 0.04986 0.04986 0.04986 1000 0 0 1 55.60718
-0.56393 -0.79203 0.23763000000000004 0.04401 0.04401 0.04401 1000 0 0 1 81.70386
0.33409 0.54451 0.20681500000000003 0.03238 0.03238 0.03238 1000 0 0 1 86.408
0.43891 -0.59414 0.14691500000000002 0.03133 0.03133 0.03133 1000 0 0 1 63.23706
-0.78147 -0.43045 0.3210050000000001 0.03576 0.03576 0.03576 1000 0 0 1 58.90686
0.42698 -0.13506 0.19081 0.03162 0.03162 0.03162 1000 0 0 1 84.52985
0.43314 -0.2549 0.19649500000000003 0.04299 0.04299 0.04299 1000 0 0 1 42.12096
0.56659 0.64957 0.19642000000000004 0.03034 0.03034 0.03034 1000 0 0 1 19.92215
-0.17998 -0.84114 0.15576500000000001 0.02403 0.02403 0.02403 1000 0 0 1 58.97981
-0.43276 0.13809 0.33382500000000004 0.0364 0.0364 0.0364 1000 0 0 1 19.78638
0.43988 -0.20313 0.18816000000000002 0.02632 0.02632 0.02632 1000 0 0 1 54.70786
0.60156 -0.56823 0.16403000000000006 0.03431 0.03431 0.03431 1000 0 0 1 29.30312
-0.57788 -0.84438 0.23858500000000005 0.04592 0.04592 0.04592 1000 0 0 1 58.80146
-0.44815 0.03949 0.31810000000000005 0.0487 0.0487 0.0487 1000 0 0 1 38.78952
-0.42823 -0.86192 0.19032000000000007 0.02439 0.02439 0.02439 1000 0 0 1 3.22905
0.65664 -0.6572 0.16511500000000007 0.03648 0.03648 0.03648 1000 0 0 1 29.69897
-0.55654 0.02033 0.3542800000000001 0.03981 0.03981 0.03981 1000 0 0 1 39.93923
0.40769 0.62986 0.21115 0.04105 0.04105 0.04105 1000 0 0 1 30.09263
-0.19496 0.36666 0.30817500000000003 0.0476 0.0476 0.0476 1000 0 0 1 35.43009
-0.62705 -0.42666 0.28705 0.0366 0.0366 0.0366 1000 0 0 1 51.8678
0.38596 -0.61499 0.14699 0.03148 0.03148 0.03148 1000 0 0 1 53.38527
0.52907 -0.39398 0.18217000000000003 0.02684 0.02684 0.02684 1000 0 0 1 24.38154
0.20362 -0.77243 0.12800000000000003 0.0435 0.0435 0.0435 1000 0 0 1 66.75716
0.65302 -0.75212 0.14334000000000005 0.04293 0.04293 0.04293 1000 0 0 1 78.45382
0.60045 0.01983 0.213405 0.04556 0.04556 0.04556 1000 0 0 1 45.86476
0.54941 0.43274 0.20733500000000002 0.03967 0.03967 0.03967 1000 0 0 1 13.65919
-0.78641 -0.0475 0.3789400000000001 0.02663 0.02663 0.02663 1000 0 0 1 20.73084
0.25498 -0.64133 0.15042000000000003 0.04459 0.04459 0.04459 1000 0 0 1 24.49561
-0.62444 0.24608 0.37525500000000006 0.03801 0.03801 0.03801 1000 0 0 1 43.92824
0.20154 0.64426 0.22265500000000005 0.02031 0.02031 0.02031 1000 0 0 1 44.20527
-0.62966 0.18031 0.3685650000000001 0.02463 0.02463 0.02463 1000 0 0 1 49.79043
-0.05073 0.56659 0.25769500000000006 0.02789 0.02789 0.02789 1000 0 0 1 46.59252
-0.56367 0.42849 0.377045 0.02909 0.02909 0.02909 1000 0 0 1 57.98106
-0.60561 0.18784 0.36706000000000005 0.02162 0.02162 0.02162 1000 0 0 1 56.45311
-0.06568 -0.47026 0.18121000000000004 0.02492 0.02492 0.02492 1000 0 0 1 27.34206
-0.53792 -0.05204 0.3514400000000001 0.03413 0.03413 0.03413 1000 0 0 1 45.32015
-0.36095 0.18194 0.333925 0.0366 0.0366 0.0366 1000 0 0 1 52.8291
0.39835 0.37492 0.20774500000000004 0.02174 0.02174 0.02174 1000 0 0 1 19.66042
-0.82645 -0.74258 0.26999000000000006 0.03373 0.03373 0.03373 1000 0 0 1 52.4869
-0.64217 -0.80371 0.23696000000000003 0.04267 0.04267 0.04267 1000 0 0 1 46.76876
-0.22256 -0.80491 0.16741 0.04732 0.04732 0.04732 1000 0 0 1 31.96562
0.17353 0.33855 0.23164000000000004 0.03203 0.03203 0.03203 1000 0 0 1 44.17615
-0.35801 -0.82412 0.20294500000000007 0.04964 0.04964 0.04964 1000 0 0 1 38.19464
-0.25446 -0.58593 0.18741000000000005 0.04357 0.04357 0.04357 1000 0 0 1 88.78284
-0.62479 -0.2391 0.3187200000000001 0.03119 0.03119 0.03119 1000 0 0 1 40.15035
-0.57182 -0.24293 0.3190700000000001 0.03189 0.03189 0.03189 1000 0 0 1 77.47345
