-1.6 -1.6 0.2 0.2 0.334375 0.0
-1.6 -1.4000000000000001 0.2 0.2 0.31562500000000004 0.0
-1.6 -1.2000000000000002 0.2 0.2 0.30000000000000004 0.0
-1.6 -1.0 0.2 0.2 0.296875 0.0
-1.6 -0.8 0.2 0.2 0.30625 0.0
-1.6 -0.6000000000000001 0.2 0.2 0.31875 0.0
-1.6 -0.3999999999999999 0.2 0.2 0.31562500000000004 0.0
-1.6 -0.19999999999999996 0.2 0.2 0.30000000000000004 0.0
-1.6 0.0 0.2 0.2 0.27812499999999996 0.0
-1.6 0.19999999999999996 0.2 0.2 0.25312500000000004 0.0
-1.6 0.3999999999999999 0.2 0.2 0.228125 0.0
-1.6 0.6000000000000001 0.2 0.2 0.2125 0.0
-1.6 0.8000000000000003 0.2 0.2 0.20312500000000003 0.0
-1.6 1.0 0.2 0.2 0.20312500000000003 0.0
-1.6 1.2000000000000002 0.2 0.2 0.21875000000000003 0.0
-1.6 1.4 0.2 0.2 0.24687499999999998 0.0
-1.4000000000000001 -1.6 0.2 0.2 0.296875 0.0
-1.4000000000000001 -1.4000000000000001 0.2 0.2 0.27812499999999996 0.0
-1.4000000000000001 -1.2000000000000002 0.2 0.2 0.26875000000000004 0.0
-1.4000000000000001 -1.0 0.2 0.2 0.271875 0.0
-1.4000000000000001 -0.8 0.2 0.2 0.28437500000000004 0.0
-1.4000000000000001 -0.6000000000000001 0.2 0.2 0.30625 0.0
-1.4000000000000001 -0.3999999999999999 0.2 0.2 0.30625 0.0
-1.4000000000000001 -0.19999999999999996 0.2 0.2 0.296875 0.0
-1.4000000000000001 0.0 0.2 0.2 0.27812499999999996 0.0
-1.4000000000000001 0.19999999999999996 0.2 0.2 0.25625 0.0
-1.4000000000000001 0.3999999999999999 0.2 0.2 0.23750000000000002 0.0
-1.4000000000000001 0.6000000000000001 0.2 0.2 0.21875000000000003 0.0
-1.4000000000000001 0.8000000000000003 0.2 0.2 0.209375 0.0
-1.4000000000000001 1.0 0.2 0.2 0.2125 0.0
-1.4000000000000001 1.2000000000000002 0.2 0.2 0.225 0.0
-1.4000000000000001 1.4 0.2 0.2 0.25625 0.0
-1.2000000000000002 -1.6 0.2 0.2 0.259375 0.0
-1.2000000000000002 -1.4000000000000001 0.2 0.2 0.24375 0.0
-1.2000000000000002 -1.2000000000000002 0.2 0.2 0.240625 0.0
-1.2000000000000002 -1.0 0.2 0.2 0.24687499999999998 0.0
-1.2000000000000002 -0.8 0.2 0.2 0.265625 0.0
-1.2000000000000002 -0.6000000000000001 0.2 0.2 0.290625 0.0
-1.2000000000000002 -0.3999999999999999 0.2 0.2 0.30000000000000004 0.0
-1.2000000000000002 -0.19999999999999996 0.2 0.2 0.29374999999999996 0.0
-1.2000000000000002 0.0 0.2 0.2 0.27812499999999996 0.0
-1.2000000000000002 0.19999999999999996 0.2 0.2 0.26249999999999996 0.0
-1.2000000000000002 0.3999999999999999 0.2 0.2 0.24375 0.0
-1.2000000000000002 0.6000000000000001 0.2 0.2 0.228125 0.0
-1.2000000000000002 0.8000000000000003 0.2 0.2 0.21875000000000003 0.0
-1.2000000000000002 1.0 0.2 0.2 0.22187500000000002 0.0
-1.2000000000000002 1.2000000000000002 0.2 0.2 0.23437500000000003 0.0
-1.2000000000000002 1.4 0.2 0.2 0.26249999999999996 0.0
-1.0 -1.6 0.2 0.2 0.225 0.0
-1.0 -1.4000000000000001 0.2 0.2 0.21562499999999998 0.0
-1.0 -1.2000000000000002 0.2 0.2 0.21875000000000003 0.0
-1.0 -1.0 0.2 0.2 0.23124999999999998 0.0
-1.0 -0.8 0.2 0.2 0.25312500000000004 0.0
-1.0 -0.6000000000000001 0.2 0.2 0.28125 0.0
-1.0 -0.3999999999999999 0.2 0.2 0.29374999999999996 0.0
-1.0 -0.19999999999999996 0.2 0.2 0.290625 0.0
-1.0 0.0 0.2 0.2 0.28125 0.0
-1.0 0.19999999999999996 0.2 0.2 0.265625 0.0
-1.0 0.3999999999999999 0.2 0.2 0.24687499999999998 0.0
-1.0 0.6000000000000001 0.2 0.2 0.23437500000000003 0.0
-1.0 0.8000000000000003 0.2 0.2 0.225 0.0
-1.0 1.0 0.2 0.2 0.228125 0.0
-1.0 1.2000000000000002 0.2 0.2 0.240625 0.0
-1.0 1.4 0.2 0.2 0.26875000000000004 0.0
-0.8 -1.6 0.2 0.2 0.20312500000000003 0.0
-0.8 -1.4000000000000001 0.2 0.2 0.20312500000000003 0.0
-0.8 -1.2000000000000002 0.2 0.2 0.209375 0.0
-0.8 -1.0 0.2 0.2 0.228125 0.0
-0.8 -0.8 0.2 0.2 0.25625 0.0
-0.8 -0.6000000000000001 0.2 0.2 0.28437500000000004 0.0
-0.8 -0.3999999999999999 0.2 0.2 0.296875 0.0
-0.8 -0.19999999999999996 0.2 0.2 0.296875 0.0
-0.8 0.0 0.2 0.2 0.2875 0.0
-0.8 0.19999999999999996 0.2 0.2 0.271875 0.0
-0.8 0.3999999999999999 0.2 0.2 0.25312500000000004 0.0
-0.8 0.6000000000000001 0.2 0.2 0.23750000000000002 0.0
-0.8 0.8000000000000003 0.2 0.2 0.23124999999999998 0.0
-0.8 1.0 0.2 0.2 0.23124999999999998 0.0
-0.8 1.2000000000000002 0.2 0.2 0.24375 0.0
-0.8 1.4 0.2 0.2 0.271875 0.0
-0.6000000000000001 -1.6 0.2 0.2 0.196875 0.0
-0.6000000000000001 -1.4000000000000001 0.2 0.2 0.19999999999999998 0.0
-0.6000000000000001 -1.2000000000000002 0.2 0.2 0.21562499999999998 0.0
-0.6000000000000001 -1.0 0.2 0.2 0.23750000000000002 0.0
-0.6000000000000001 -0.8 0.2 0.2 0.265625 0.0
-0.6000000000000001 -0.6000000000000001 0.2 0.2 0.29374999999999996 0.0
-0.6000000000000001 -0.3999999999999999 0.2 0.2 0.30625 0.0
-0.6000000000000001 -0.19999999999999996 0.2 0.2 0.30625 0.0
-0.6000000000000001 0.0 0.2 0.2 0.29374999999999996 0.0
-0.6000000000000001 0.19999999999999996 0.2 0.2 0.275 0.0
-0.6000000000000001 0.3999999999999999 0.2 0.2 0.25625 0.0
-0.6000000000000001 0.6000000000000001 0.2 0.2 0.240625 0.0
-0.6000000000000001 0.8000000000000003 0.2 0.2 0.228125 0.0
-0.6000000000000001 1.0 0.2 0.2 0.228125 0.0
-0.6000000000000001 1.2000000000000002 0.2 0.2 0.240625 0.0
-0.6000000000000001 1.4 0.2 0.2 0.26875000000000004 0.0
-0.3999999999999999 -1.6 0.2 0.2 0.18125 0.0
-0.3999999999999999 -1.4000000000000001 0.2 0.2 0.19062500000000002 0.0
-0.3999999999999999 -1.2000000000000002 0.2 0.2 0.209375 0.0
-0.3999999999999999 -1.0 0.2 0.2 0.23437500000000003 0.0
-0.3999999999999999 -0.8 0.2 0.2 0.265625 0.0
-0.3999999999999999 -0.6000000000000001 0.2 0.2 0.29374999999999996 0.0
-0.3999999999999999 -0.3999999999999999 0.2 0.2 0.303125 0.0
-0.3999999999999999 -0.19999999999999996 0.2 0.2 0.30000000000000004 0.0
-0.3999999999999999 0.0 0.2 0.2 0.2875 0.0
-0.3999999999999999 0.19999999999999996 0.2 0.2 0.271875 0.0
-0.3999999999999999 0.3999999999999999 0.2 0.2 0.25312500000000004 0.0
-0.3999999999999999 0.6000000000000001 0.2 0.2 0.23437500000000003 0.0
-0.3999999999999999 0.8000000000000003 0.2 0.2 0.225 0.0
-0.3999999999999999 1.0 0.2 0.2 0.225 0.0
-0.3999999999999999 1.2000000000000002 0.2 0.2 0.23750000000000002 0.0
-0.3999999999999999 1.4 0.2 0.2 0.265625 0.0
-0.19999999999999996 -1.6 0.2 0.2 0.15937500000000002 0.0
-0.19999999999999996 -1.4000000000000001 0.2 0.2 0.17500000000000002 0.0
-0.19999999999999996 -1.2000000000000002 0.2 0.2 0.196875 0.0
-0.19999999999999996 -1.0 0.2 0.2 0.22187500000000002 0.0
-0.19999999999999996 -0.8 0.2 0.2 0.25312500000000004 0.0
-0.19999999999999996 -0.6000000000000001 0.2 0.2 0.28125 0.0
-0.19999999999999996 -0.3999999999999999 0.2 0.2 0.290625 0.0
-0.19999999999999996 -0.19999999999999996 0.2 0.2 0.28125 0.0
-0.19999999999999996 0.0 0.2 0.2 0.275 0.0
-0.19999999999999996 0.19999999999999996 0.2 0.2 0.259375 0.0
-0.19999999999999996 0.3999999999999999 0.2 0.2 0.24375 0.0
-0.19999999999999996 0.6000000000000001 0.2 0.2 0.228125 0.0
-0.19999999999999996 0.8000000000000003 0.2 0.2 0.21875000000000003 0.0
-0.19999999999999996 1.0 0.2 0.2 0.22187500000000002 0.0
-0.19999999999999996 1.2000000000000002 0.2 0.2 0.23437500000000003 0.0
-0.19999999999999996 1.4 0.2 0.2 0.26249999999999996 0.0
0.0 -1.6 0.2 0.2 0.14062499999999997 0.0
0.0 -1.4000000000000001 0.2 0.2 0.15624999999999997 0.0
0.0 -1.2000000000000002 0.2 0.2 0.178125 0.0
0.0 -1.0 0.2 0.2 0.209375 0.0
0.0 -0.8 0.2 0.2 0.240625 0.0
0.0 -0.6000000000000001 0.2 0.2 0.265625 0.0
0.0 -0.3999999999999999 0.2 0.2 0.275 0.0
0.0 -0.19999999999999996 0.2 0.2 0.271875 0.0
0.0 0.0 0.2 0.2 0.265625 0.0
0.0 0.19999999999999996 0.2 0.2 0.24375 0.0
0.0 0.3999999999999999 0.2 0.2 0.23124999999999998 0.0
0.0 0.6000000000000001 0.2 0.2 0.21875000000000003 0.0
0.0 0.8000000000000003 0.2 0.2 0.2125 0.0
0.0 1.0 0.2 0.2 0.21562499999999998 0.0
0.0 1.2000000000000002 0.2 0.2 0.23437500000000003 0.0
0.0 1.4 0.2 0.2 0.26249999999999996 0.0
0.19999999999999996 -1.6 0.2 0.2 0.12187499999999998 0.0
0.19999999999999996 -1.4000000000000001 0.2 0.2 0.13749999999999998 0.0
0.19999999999999996 -1.2000000000000002 0.2 0.2 0.1625 0.0
0.19999999999999996 -1.0 0.2 0.2 0.19375 0.0
0.19999999999999996 -0.8 0.2 0.2 0.225 0.0
0.19999999999999996 -0.6000000000000001 0.2 0.2 0.24687499999999998 0.0
0.19999999999999996 -0.3999999999999999 0.2 0.2 0.25625 0.0
0.19999999999999996 -0.19999999999999996 0.2 0.2 0.25312500000000004 0.0
0.19999999999999996 0.0 0.2 0.2 0.24375 0.0
0.19999999999999996 0.19999999999999996 0.2 0.2 0.228125 0.0
0.19999999999999996 0.3999999999999999 0.2 0.2 0.21562499999999998 0.0
0.19999999999999996 0.6000000000000001 0.2 0.2 0.209375 0.0
0.19999999999999996 0.8000000000000003 0.2 0.2 0.20625000000000002 0.0
0.19999999999999996 1.0 0.2 0.2 0.21562499999999998 0.0
0.19999999999999996 1.2000000000000002 0.2 0.2 0.23124999999999998 0.0
0.19999999999999996 1.4 0.2 0.2 0.26249999999999996 0.0
0.3999999999999999 -1.6 0.2 0.2 0.10624999999999998 0.0
0.3999999999999999 -1.4000000000000001 0.2 0.2 0.12499999999999997 0.0
0.3999999999999999 -1.2000000000000002 0.2 0.2 0.15 0.0
0.3999999999999999 -1.0 0.2 0.2 0.18125 0.0
0.3999999999999999 -0.8 0.2 0.2 0.2125 0.0
0.3999999999999999 -0.6000000000000001 0.2 0.2 0.23437500000000003 0.0
0.3999999999999999 -0.3999999999999999 0.2 0.2 0.240625 0.0
0.3999999999999999 -0.19999999999999996 0.2 0.2 0.23750000000000002 0.0
0.3999999999999999 0.0 0.2 0.2 0.228125 0.0
0.3999999999999999 0.19999999999999996 0.2 0.2 0.21562499999999998 0.0
0.3999999999999999 0.3999999999999999 0.2 0.2 0.20625000000000002 0.0
0.3999999999999999 0.6000000000000001 0.2 0.2 0.19999999999999998 0.0
0.3999999999999999 0.8000000000000003 0.2 0.2 0.20312500000000003 0.0
0.3999999999999999 1.0 0.2 0.2 0.2125 0.0
0.3999999999999999 1.2000000000000002 0.2 0.2 0.23124999999999998 0.0
0.3999999999999999 1.4 0.2 0.2 0.26249999999999996 0.0
0.6000000000000001 -1.6 0.2 0.2 0.1 0.0
0.6000000000000001 -1.4000000000000001 0.2 0.2 0.115625 0.0
0.6000000000000001 -1.2000000000000002 0.2 0.2 0.14375000000000002 0.0
0.6000000000000001 -1.0 0.2 0.2 0.17500000000000002 0.0
0.6000000000000001 -0.8 0.2 0.2 0.20625000000000002 0.0
0.6000000000000001 -0.6000000000000001 0.2 0.2 0.225 0.0
0.6000000000000001 -0.3999999999999999 0.2 0.2 0.228125 0.0
0.6000000000000001 -0.19999999999999996 0.2 0.2 0.225 0.0
0.6000000000000001 0.0 0.2 0.2 0.21562499999999998 0.0
0.6000000000000001 0.19999999999999996 0.2 0.2 0.20625000000000002 0.0
0.6000000000000001 0.3999999999999999 0.2 0.2 0.196875 0.0
0.6000000000000001 0.6000000000000001 0.2 0.2 0.19375 0.0
0.6000000000000001 0.8000000000000003 0.2 0.2 0.196875 0.0
0.6000000000000001 1.0 0.2 0.2 0.209375 0.0
0.6000000000000001 1.2000000000000002 0.2 0.2 0.23437500000000003 0.0
0.6000000000000001 1.4 0.2 0.2 0.265625 0.0
0.8000000000000003 -1.6 0.2 0.2 0.1 0.0
0.8000000000000003 -1.4000000000000001 0.2 0.2 0.11875 0.0
0.8000000000000003 -1.2000000000000002 0.2 0.2 0.14375000000000002 0.0
0.8000000000000003 -1.0 0.2 0.2 0.178125 0.0
0.8000000000000003 -0.8 0.2 0.2 0.20625000000000002 0.0
0.8000000000000003 -0.6000000000000001 0.2 0.2 0.22187500000000002 0.0
0.8000000000000003 -0.3999999999999999 0.2 0.2 0.228125 0.0
0.8000000000000003 -0.19999999999999996 0.2 0.2 0.22187500000000002 0.0
0.8000000000000003 0.0 0.2 0.2 0.2125 0.0
0.8000000000000003 0.19999999999999996 0.2 0.2 0.19999999999999998 0.0
0.8000000000000003 0.3999999999999999 0.2 0.2 0.19375 0.0
0.8000000000000003 0.6000000000000001 0.2 0.2 0.19062500000000002 0.0
0.8000000000000003 0.8000000000000003 0.2 0.2 0.196875 0.0
0.8000000000000003 1.0 0.2 0.2 0.2125 0.0
0.8000000000000003 1.2000000000000002 0.2 0.2 0.23437500000000003 0.0
0.8000000000000003 1.4 0.2 0.2 0.26875000000000004 0.0
1.0 -1.6 0.2 0.2 0.10624999999999998 0.0
1.0 -1.4000000000000001 0.2 0.2 0.12499999999999997 0.0
1.0 -1.2000000000000002 0.2 0.2 0.15312499999999998 0.0
1.0 -1.0 0.2 0.2 0.18750000000000003 0.0
1.0 -0.8 0.2 0.2 0.21562499999999998 0.0
1.0 -0.6000000000000001 0.2 0.2 0.23124999999999998 0.0
1.0 -0.3999999999999999 0.2 0.2 0.23437500000000003 0.0
1.0 -0.19999999999999996 0.2 0.2 0.225 0.0
1.0 0.0 0.2 0.2 0.2125 0.0
1.0 0.19999999999999996 0.2 0.2 0.20312500000000003 0.0
1.0 0.3999999999999999 0.2 0.2 0.19375 0.0
1.0 0.6000000000000001 0.2 0.2 0.19062500000000002 0.0
1.0 0.8000000000000003 0.2 0.2 0.196875 0.0
1.0 1.0 0.2 0.2 0.2125 0.0
1.0 1.2000000000000002 0.2 0.2 0.23750000000000002 0.0
1.0 1.4 0.2 0.2 0.26875000000000004 0.0
1.2000000000000002 -1.6 0.2 0.2 0.11875 0.0
1.2000000000000002 -1.4000000000000001 0.2 0.2 0.14062499999999997 0.0
1.2000000000000002 -1.2000000000000002 0.2 0.2 0.17187500000000003 0.0
1.2000000000000002 -1.0 0.2 0.2 0.20625000000000002 0.0
1.2000000000000002 -0.8 0.2 0.2 0.23437500000000003 0.0
1.2000000000000002 -0.6000000000000001 0.2 0.2 0.25 0.0
1.2000000000000002 -0.3999999999999999 0.2 0.2 0.25 0.0
1.2000000000000002 -0.19999999999999996 0.2 0.2 0.240625 0.0
1.2000000000000002 0.0 0.2 0.2 0.225 0.0
1.2000000000000002 0.19999999999999996 0.2 0.2 0.209375 0.0
1.2000000000000002 0.3999999999999999 0.2 0.2 0.19999999999999998 0.0
1.2000000000000002 0.6000000000000001 0.2 0.2 0.196875 0.0
1.2000000000000002 0.8000000000000003 0.2 0.2 0.19999999999999998 0.0
1.2000000000000002 1.0 0.2 0.2 0.2125 0.0
1.2000000000000002 1.2000000000000002 0.2 0.2 0.23750000000000002 0.0
1.2000000000000002 1.4 0.2 0.2 0.271875 0.0
1.4 -1.6 0.2 0.2 0.13749999999999998 0.0
1.4 -1.4000000000000001 0.2 0.2 0.1625 0.0
1.4 -1.2000000000000002 0.2 0.2 0.196875 0.0
1.4 -1.0 0.2 0.2 0.23437500000000003 0.0
1.4 -0.8 0.2 0.2 0.26249999999999996 0.0
1.4 -0.6000000000000001 0.2 0.2 0.27812499999999996 0.0
1.4 -0.3999999999999999 0.2 0.2 0.275 0.0
1.4 -0.19999999999999996 0.2 0.2 0.26249999999999996 0.0
1.4 0.0 0.2 0.2 0.24375 0.0
1.4 0.19999999999999996 0.2 0.2 0.228125 0.0
1.4 0.3999999999999999 0.2 0.2 0.2125 0.0
1.4 0.6000000000000001 0.2 0.2 0.20312500000000003 0.0
1.4 0.8000000000000003 0.2 0.2 0.20625000000000002 0.0
1.4 1.0 0.2 0.2 0.21562499999999998 0.0
1.4 1.2000000000000002 0.2 0.2 0.23750000000000002 0.0
1.4 1.4 0.2 0.2 0.271875 0.0
0.26963 1.03792 0.21264499999999995 0.16279 0.16279 0.16279 0.0 0 0 1 83.6952
-1.21152 0.32659 0.255115 0.18523 0.18523 0.18523 0.0 0 0 1 54.47232
-0.7867 1.34554 0.233345 0.12294 0.12294 0.12294 0.0 0 0 1 62.98549
0.7304 0.64719 0.14776999999999998 0.10804 0.10804 0.10804 0.0 0 0 1 80.97059
-1.29732 -1.23048 0.2739400000000001 0.11663 0.11663 0.11663 0.0 0 0 1 17.63703
-0.86178 0.40863 0.21632500000000007 0.1264 0.1264 0.1264 0.0 0 0 1 61.74134
-0.96666 1.20331 0.22991999999999999 0.17234 0.17234 0.17234 0.0 0 0 1 56.63776
-1.03794 0.39745 0.247725 0.1642 0.1642 0.1642 0.0 0 0 1 24.87447
-0.29058 -0.47446 0.21936499999999995 0.05123 0.05123 0.05123 0.0 0 0 1 63.13113
-0.87907 -0.67024 0.22106 0.07962 0.07962 0.07962 0.0 0 0 1 27.46809
-0.58799 -1.07334 0.20932000000000003 0.14364 0.14364 0.14364 0.0 0 0 1 48.84554
-0.59939 -1.15148 0.14775999999999997 0.06427 0.06427 0.06427 0.0 0 0 1 43.00097
-0.20254 1.14497 0.21949500000000002 0.16399 0.16399 0.16399 0.0 0 0 1 9.25758
0.68213 -0.67451 0.196165 0.14233 0.14233 0.14233 0.0 0 0 1 21.48561
-1.20334 -1.01974 0.20330499999999999 0.06286 0.06286 0.06286 0.0 0 0 1 39.12086
1.29845 0.4754 0.13940999999999998 0.07882 0.07882 0.07882 0.0 0 0 1 37.20853
-0.93007 -1.07151 0.213135 0.14502 0.14502 0.14502 0.0 0 0 1 16.14493
0.53266 -0.47981 0.23551999999999998 0.17729 0.17729 0.17729 0.0 0 0 1 6.63836
-1.23817 0.96743 0.19432500000000005 0.15115 0.15115 0.15115 0.0 0 0 1 62.19578
-0.2118 -0.45124 0.23452499999999996 0.0628 0.0628 0.0628 0.0 0 0 1 32.97029
-0.56696 0.39189 0.24076500000000003 0.13153 0.13153 0.13153 0.0 0 0 1 39.189
-0.80013 -0.5403 0.26717499999999994 0.14685 0.14685 0.14685 0.0 0 0 1 55.69337
-0.45809 0.36555 0.257815 0.16563 0.16563 0.16563 0.0 0 0 1 41.11162
0.51729 -1.31022 0.147145 0.19429 0.19429 0.19429 0.0 0 0 1 44.30729
-0.16693 0.98624 0.22018000000000001 0.19036 0.19036 0.19036 0.0 0 0 1 59.93498
-0.29472 1.20229 0.19613 0.11101 0.11101 0.11101 0.0 0 0 1 62.79192
0.11551 0.54525 0.17314 0.08378 0.08378 0.08378 0.0 0 0 1 23.2284
-0.07035 -0.38403 0.28952999999999995 0.17281 0.17281 0.17281 0.0 0 0 1 4.91567
0.41439 0.16902 0.23072999999999996 0.17396 0.17396 0.17396 0.0 0 0 1 49.86509
-1.28904 -1.0598 0.299705 0.19941 0.19941 0.19941 0.0 0 0 1 80.21189
-0.32978 -1.21951 0.194485 0.17022 0.17022 0.17022 0.0 0 0 1 79.62735
0.8274 -0.10137 0.16967000000000002 0.08934 0.08934 0.08934 0.0 0 0 1 35.42709
-1.08774 0.33984 0.26371 0.19617 0.19617 0.19617 0.0 0 0 1 25.44262
-0.15941 -0.45771 0.28476499999999993 0.18203 0.18203 0.18203 0.0 0 0 1 75.65014
0.48865 0.71311 0.16659500000000002 0.11444 0.11444 0.11444 0.0 0 0 1 46.21569
0.94331 0.98388 0.172465 0.11993 0.11993 0.11993 0.0 0 0 1 32.54569
-0.55421 1.17662 0.16822 0.05519 0.05519 0.05519 0.0 0 0 1 23.4605
-0.79504 1.2821 0.19756499999999996 0.10763 0.10763 0.10763 0.0 0 0 1 25.74558
0.12176 -0.60888 0.25103 0.17081 0.17081 0.17081 0.0 0 0 1 71.65235
0.24126 0.96964 0.21542999999999998 0.19961 0.19961 0.19961 0.0 0 0 1 84.96169
-0.11909 -1.03586 0.1967 0.14965 0.14965 0.14965 0.0 0 0 1 58.24195
1.17493 -0.66462 0.20274 0.13673 0.13673 0.13673 0.0 0 0 1 54.63606
0.06148 -1.01801 0.173075 0.1274 0.1274 0.1274 0.0 0 0 1 82.2443
-1.12614 -1.19392 0.24565500000000004 0.15381 0.15381 0.15381 0.0 0 0 1 25.90268
-0.88578 0.08183 0.25917 0.14334 0.14334 0.14334 0.0 0 0 1 20.81909
0.29084 -0.97975 0.12820499999999999 0.06891 0.06891 0.06891 0.0 0 0 1 16.4768
-0.30931 -1.121 0.21674000000000002 0.16473 0.16473 0.16473 0.0 0 0 1 23.11959
-0.15189 1.16245 0.22361 0.17847 0.17847 0.17847 0.0 0 0 1 16.33197
-0.03757 -0.30521 0.299285 0.19232 0.19232 0.19232 0.0 0 0 1 12.68156
0.81191 0.43796 0.14021999999999998 0.08669 0.08669 0.08669 0.0 0 0 1 70.0337
-0.7645 -0.39839 0.315705 0.03766 0.03766 0.03766 1000 0 0 1 16.36363
-0.56931 -0.42642 0.325745 0.03899 0.03899 0.03899 1000 0 0 1 3.65026
-0.02754 -0.82368 0.264485 0.04772 0.04772 0.04772 1000 0 0 1 43.92035
-0.82465 -0.75675 0.278155 0.04381 0.04381 0.04381 1000 0 0 1 61.84776
0.56176 0.02395 0.23205499999999998 0.03286 0.03286 0.03286 1000 0 0 1 75.48066
-0.34018 -0.2573 0.31603000000000003 0.03206 0.03206 0.03206 1000 0 0 1 44.80229
-0.04465 -0.61072 0.278275 0.0253 0.0253 0.0253 1000 0 0 1 58.40408
0.20606 -0.45465 0.26938999999999996 0.02628 0.02628 0.02628 1000 0 0 1 59.29349
0.39488 0.59711 0.224795 0.04959 0.04959 0.04959 1000 0 0 1 61.33553
-0.66084 0.18773 0.28922000000000003 0.02844 0.02844 0.02844 1000 0 0 1 67.27967
0.66781 0.26251 0.221445 0.03039 0.03039 0.03039 1000 0 0 1 80.79786
0.64639 -0.42198 0.245715 0.03518 0.03518 0.03518 1000 0 0 1 19.22019
-0.64857 -0.3981 0.32772500000000004 0.04295 0.04295 0.04295 1000 0 0 1 77.16005
-0.84732 -0.43488 0.309575 0.0254 0.0254 0.0254 1000 0 0 1 9.91944
0.00811 0.45316 0.24375499999999997 0.02501 0.02501 0.02501 1000 0 0 1 60.3812
-0.33936 -0.19873 0.311665 0.02333 0.02333 0.02333 1000 0 0 1 50.60576
0.59415 -0.35344 0.24801499999999999 0.03978 0.03978 0.03978 1000 0 0 1 21.06012
-0.32883 -0.86044 0.278885 0.02652 0.02652 0.02652 1000 0 0 1 37.55982
-0.77984 0.66672 0.25394 0.03288 0.03288 0.03288 1000 0 0 1 49.21744
0.16179 -0.77062 0.24222 0.03444 0.03444 0.03444 1000 0 0 1 69.0414
0.18785 0.59818 0.229825 0.0409 0.0409 0.0409 1000 0 0 1 25.95494
-0.60827 -0.16635 0.330585 0.04867 0.04867 0.04867 1000 0 0 1 7.29685
-0.76324 0.04018 0.30261499999999997 0.03023 0.03023 0.03023 1000 0 0 1 72.67831
-0.42371 -0.15861 0.32338000000000006 0.04676 0.04676 0.04676 1000 0 0 1 63.32247
0.65107 -0.06799 0.230735 0.03022 0.03022 0.03022 1000 0 0 1 42.31972
-0.65045 0.65849 0.25898 0.03671 0.03671 0.03671 1000 0 0 1 8.37586
-0.34867 -0.05261 0.304645 0.03429 0.03429 0.03429 1000 0 0 1 10.60723
0.02254 0.64742 0.23814000000000002 0.03878 0.03878 0.03878 1000 0 0 1 63.91397
0.39402 0.67727 0.21053499999999997 0.02107 0.02107 0.02107 1000 0 0 1 17.74194
0.63279 0.43316 0.21642999999999998 0.03911 0.03911 0.03911 1000 0 0 1 37.9665
0.56674 0.65225 0.21213500000000002 0.03677 0.03677 0.03677 1000 0 0 1 25.25307
0.56571 -0.79715 0.22457500000000002 0.03665 0.03665 0.03665 1000 0 0 1 10.7438
-0.25933 -0.78912 0.27053000000000005 0.03481 0.03481 0.03481 1000 0 0 1 26.73706
-0.40373 -0.37185 0.31914499999999996 0.03204 0.03204 0.03204 1000 0 0 1 62.95815
-0.43098 0.26624 0.28506499999999996 0.02638 0.02638 0.02638 1000 0 0 1 80.56886
-0.57263 0.62275 0.264495 0.04774 0.04774 0.04774 1000 0 0 1 12.13531
0.17292 -0.41544 0.27814 0.04378 0.04378 0.04378 1000 0 0 1 26.18724
-0.25608 -0.85797 0.269925 0.0336 0.0336 0.0336 1000 0 0 1 88.07985
0.35443 -0.57351 0.25788000000000005 0.04701 0.04701 0.04701 1000 0 0 1 54.83067
-0.62176 -0.8086 0.286065 0.04088 0.04088 0.04088 1000 0 0 1 50.76119
-0.14913 -0.8167 0.27358000000000005 0.04091 0.04091 0.04091 1000 0 0 1 11.23159
0.6472 0.35637 0.20865999999999998 0.02357 0.02357 0.02357 1000 0 0 1 41.6845
-0.63593 0.55108 0.26068 0.04011 0.04011 0.04011 1000 0 0 1 67.13126
-0.65955 0.42349 0.27536499999999997 0.03823 0.03823 0.03823 1000 0 0 1 82.98997
-0.4184 -0.64315 0.31347499999999995 0.03945 0.03945 0.03945 1000 0 0 1 16.74006
-0.02462 -0.7594 0.264535 0.04782 0.04782 0.04782 1000 0 0 1 58.86764
-0.35546 -0.38241 0.325225 0.0442 0.0442 0.0442 1000 0 0 1 4.58344
-0.41726 -0.33816 0.31867999999999996 0.03111 0.03111 0.03111 1000 0 0 1 25.86425
-0.16813 -0.75824 0.27495500000000006 0.04366 0.04366 0.04366 1000 0 0 1 14.3547
0.44617 -0.64265 0.25846500000000006 0.04818 0.04818 0.04818 1000 0 0 1 78.00495
