-1.6 -1.6 0.2 0.2 0.20937500000000003 0.0
-1.6 -1.4000000000000001 0.2 0.2 0.21875 0.0
-1.6 -1.2000000000000002 0.2 0.2 0.234375 0.0
-1.6 -1.0 0.2 0.2 0.25625000000000003 0.0
-1.6 -0.8 0.2 0.2 0.28750000000000003 0.0
-1.6 -0.6000000000000001 0.2 0.2 0.321875 0.0
-1.6 -0.3999999999999999 0.2 0.2 0.36249999999999993 0.0
-1.6 -0.19999999999999996 0.2 0.2 0.396875 0.0
-1.6 0.0 0.2 0.2 0.428125 0.0
-1.6 0.19999999999999996 0.2 0.2 0.4468749999999999 0.0
-1.6 0.3999999999999999 0.2 0.2 0.45624999999999993 0.0
-1.6 0.6000000000000001 0.2 0.2 0.45624999999999993 0.0
-1.6 0.8000000000000003 0.2 0.2 0.4468749999999999 0.0
-1.6 1.0 0.2 0.2 0.4312499999999999 0.0
-1.6 1.2000000000000002 0.2 0.2 0.4156249999999999 0.0
-1.6 1.4 0.2 0.2 0.40625 0.0
-1.4000000000000001 -1.6 0.2 0.2 0.20625 0.0
-1.4000000000000001 -1.4000000000000001 0.2 0.2 0.21875 0.0
-1.4000000000000001 -1.2000000000000002 0.2 0.2 0.2375 0.0
-1.4000000000000001 -1.0 0.2 0.2 0.2625 0.0
-1.4000000000000001 -0.8 0.2 0.2 0.29375 0.0
-1.4000000000000001 -0.6000000000000001 0.2 0.2 0.328125 0.0
-1.4000000000000001 -0.3999999999999999 0.2 0.2 0.36249999999999993 0.0
-1.4000000000000001 -0.19999999999999996 0.2 0.2 0.39374999999999993 0.0
-1.4000000000000001 0.0 0.2 0.2 0.4156249999999999 0.0
-1.4000000000000001 0.19999999999999996 0.2 0.2 0.4312499999999999 0.0
-1.4000000000000001 0.3999999999999999 0.2 0.2 0.43437499999999996 0.0
-1.4000000000000001 0.6000000000000001 0.2 0.2 0.4312499999999999 0.0
-1.4000000000000001 0.8000000000000003 0.2 0.2 0.421875 0.0
-1.4000000000000001 1.0 0.2 0.2 0.40937499999999993 0.0
-1.4000000000000001 1.2000000000000002 0.2 0.2 0.396875 0.0
-1.4000000000000001 1.4 0.2 0.2 0.39374999999999993 0.0
-1.2000000000000002 -1.6 0.2 0.2 0.20625 0.0
-1.2000000000000002 -1.4000000000000001 0.2 0.2 0.21875 0.0
-1.2000000000000002 -1.2000000000000002 0.2 0.2 0.2375 0.0
-1.2000000000000002 -1.0 0.2 0.2 0.2625 0.0
-1.2000000000000002 -0.8 0.2 0.2 0.296875 0.0
-1.2000000000000002 -0.6000000000000001 0.2 0.2 0.328125 0.0
-1.2000000000000002 -0.3999999999999999 0.2 0.2 0.359375 0.0
-1.2000000000000002 -0.19999999999999996 0.2 0.2 0.384375 0.0
-1.2000000000000002 0.0 0.2 0.2 0.3999999999999999 0.0
-1.2000000000000002 0.19999999999999996 0.2 0.2 0.40937499999999993 0.0
-1.2000000000000002 0.3999999999999999 0.2 0.2 0.40937499999999993 0.0
-1.2000000000000002 0.6000000000000001 0.2 0.2 0.40312499999999996 0.0
-1.2000000000000002 0.8000000000000003 0.2 0.2 0.390625 0.0
-1.2000000000000002 1.0 0.2 0.2 0.37812499999999993 0.0
-1.2000000000000002 1.2000000000000002 0.2 0.2 0.36875 0.0
-1.2000000000000002 1.4 0.2 0.2 0.37187499999999996 0.0
-1.0 -1.6 0.2 0.2 0.20937500000000003 0.0
-1.0 -1.4000000000000001 0.2 0.2 0.21875 0.0
-1.0 -1.2000000000000002 0.2 0.2 0.234375 0.0
-1.0 -1.0 0.2 0.2 0.2625 0.0
-1.0 -0.8 0.2 0.2 0.29375 0.0
-1.0 -0.6000000000000001 0.2 0.2 0.328125 0.0
-1.0 -0.3999999999999999 0.2 0.2 0.353125 0.0
-1.0 -0.19999999999999996 0.2 0.2 0.37187499999999996 0.0
-1.0 0.0 0.2 0.2 0.384375 0.0
-1.0 0.19999999999999996 0.2 0.2 0.384375 0.0
-1.0 0.3999999999999999 0.2 0.2 0.38125 0.0
-1.0 0.6000000000000001 0.2 0.2 0.36875 0.0
-1.0 0.8000000000000003 0.2 0.2 0.35624999999999996 0.0
-1.0 1.0 0.2 0.2 0.34375 0.0
-1.0 1.2000000000000002 0.2 0.2 0.33437500000000003 0.0
-1.0 1.4 0.2 0.2 0.340625 0.0
-0.8 -1.6 0.2 0.2 0.21250000000000002 0.0
-0.8 -1.4000000000000001 0.2 0.2 0.215625 0.0
-0.8 -1.2000000000000002 0.2 0.2 0.23125 0.0
-0.8 -1.0 0.2 0.2 0.25625000000000003 0.0
-0.8 -0.8 0.2 0.2 0.284375 0.0
-0.8 -0.6000000000000001 0.2 0.2 0.31875000000000003 0.0
-0.8 -0.3999999999999999 0.2 0.2 0.34375 0.0
-0.8 -0.19999999999999996 0.2 0.2 0.359375 0.0
-0.8 0.0 0.2 0.2 0.365625 0.0
-0.8 0.19999999999999996 0.2 0.2 0.36249999999999993 0.0
-0.8 0.3999999999999999 0.2 0.2 0.353125 0.0
-0.8 0.6000000000000001 0.2 0.2 0.3375 0.0
-0.8 0.8000000000000003 0.2 0.2 0.31875000000000003 0.0
-0.8 1.0 0.2 0.2 0.30625 0.0
-0.8 1.2000000000000002 0.2 0.2 0.3 0.0
-0.8 1.4 0.2 0.2 0.30312500000000003 0.0
-0.6000000000000001 -1.6 0.2 0.2 0.221875 0.0
-0.6000000000000001 -1.4000000000000001 0.2 0.2 0.21875 0.0
-0.6000000000000001 -1.2000000000000002 0.2 0.2 0.22812500000000002 0.0
-0.6000000000000001 -1.0 0.2 0.2 0.246875 0.0
-0.6000000000000001 -0.8 0.2 0.2 0.275 0.0
-0.6000000000000001 -0.6000000000000001 0.2 0.2 0.30625 0.0
-0.6000000000000001 -0.3999999999999999 0.2 0.2 0.328125 0.0
-0.6000000000000001 -0.19999999999999996 0.2 0.2 0.340625 0.0
-0.6000000000000001 0.0 0.2 0.2 0.34375 0.0
-0.6000000000000001 0.19999999999999996 0.2 0.2 0.3375 0.0
-0.6000000000000001 0.3999999999999999 0.2 0.2 0.325 0.0
-0.6000000000000001 0.6000000000000001 0.2 0.2 0.30625 0.0
-0.6000000000000001 0.8000000000000003 0.2 0.2 0.284375 0.0
-0.6000000000000001 1.0 0.2 0.2 0.26875 0.0
-0.6000000000000001 1.2000000000000002 0.2 0.2 0.259375 0.0
-0.6000000000000001 1.4 0.2 0.2 0.265625 0.0
-0.3999999999999999 -1.6 0.2 0.2 0.24375000000000002 0.0
-0.3999999999999999 -1.4000000000000001 0.2 0.2 0.2375 0.0
-0.3999999999999999 -1.2000000000000002 0.2 0.2 0.24062500000000003 0.0
-0.3999999999999999 -1.0 0.2 0.2 0.25625000000000003 0.0
-0.3999999999999999 -0.8 0.2 0.2 0.278125 0.0
-0.3999999999999999 -0.6000000000000001 0.2 0.2 0.30625 0.0
-0.3999999999999999 -0.3999999999999999 0.2 0.2 0.325 0.0
-0.3999999999999999 -0.19999999999999996 0.2 0.2 0.33125 0.0
-0.3999999999999999 0.0 0.2 0.2 0.325 0.0
-0.3999999999999999 0.19999999999999996 0.2 0.2 0.3125 0.0
-0.3999999999999999 0.3999999999999999 0.2 0.2 0.290625 0.0
-0.3999999999999999 0.6000000000000001 0.2 0.2 0.26875 0.0
-0.3999999999999999 0.8000000000000003 0.2 0.2 0.24375000000000002 0.0
-0.3999999999999999 1.0 0.2 0.2 0.221875 0.0
-0.3999999999999999 1.2000000000000002 0.2 0.2 0.21250000000000002 0.0
-0.3999999999999999 1.4 0.2 0.2 0.215625 0.0
-0.19999999999999996 -1.6 0.2 0.2 0.28125 0.0
-0.19999999999999996 -1.4000000000000001 0.2 0.2 0.26875 0.0
-0.19999999999999996 -1.2000000000000002 0.2 0.2 0.26875 0.0
-0.19999999999999996 -1.0 0.2 0.2 0.275 0.0
-0.19999999999999996 -0.8 0.2 0.2 0.290625 0.0
-0.19999999999999996 -0.6000000000000001 0.2 0.2 0.315625 0.0
-0.19999999999999996 -0.3999999999999999 0.2 0.2 0.325 0.0
-0.19999999999999996 -0.19999999999999996 0.2 0.2 0.315625 0.0
-0.19999999999999996 0.0 0.2 0.2 0.309375 0.0
-0.19999999999999996 0.19999999999999996 0.2 0.2 0.28750000000000003 0.0
-0.19999999999999996 0.3999999999999999 0.2 0.2 0.259375 0.0
-0.19999999999999996 0.6000000000000001 0.2 0.2 0.22812500000000002 0.0
-0.19999999999999996 0.8000000000000003 0.2 0.2 0.2 0.0
-0.19999999999999996 1.0 0.2 0.2 0.17812499999999998 0.0
-0.19999999999999996 1.2000000000000002 0.2 0.2 0.16562500000000002 0.0
-0.19999999999999996 1.4 0.2 0.2 0.16875 0.0
0.0 -1.6 0.2 0.2 0.321875 0.0
0.0 -1.4000000000000001 0.2 0.2 0.30625 0.0
0.0 -1.2000000000000002 0.2 0.2 0.3 0.0
0.0 -1.0 0.2 0.2 0.3 0.0
0.0 -0.8 0.2 0.2 0.309375 0.0
0.0 -0.6000000000000001 0.2 0.2 0.325 0.0
0.0 -0.3999999999999999 0.2 0.2 0.325 0.0
0.0 -0.19999999999999996 0.2 0.2 0.3125 0.0
0.0 0.0 0.2 0.2 0.3 0.0
0.0 0.19999999999999996 0.2 0.2 0.2625 0.0
0.0 0.3999999999999999 0.2 0.2 0.22812500000000002 0.0
0.0 0.6000000000000001 0.2 0.2 0.19375000000000003 0.0
0.0 0.8000000000000003 0.2 0.2 0.16249999999999998 0.0
0.0 1.0 0.2 0.2 0.140625 0.0
0.0 1.2000000000000002 0.2 0.2 0.128125 0.0
0.0 1.4 0.2 0.2 0.13125 0.0
0.19999999999999996 -1.6 0.2 0.2 0.359375 0.0
0.19999999999999996 -1.4000000000000001 0.2 0.2 0.34375 0.0
0.19999999999999996 -1.2000000000000002 0.2 0.2 0.33125 0.0
0.19999999999999996 -1.0 0.2 0.2 0.325 0.0
0.19999999999999996 -0.8 0.2 0.2 0.328125 0.0
0.19999999999999996 -0.6000000000000001 0.2 0.2 0.33437500000000003 0.0
0.19999999999999996 -0.3999999999999999 0.2 0.2 0.328125 0.0
0.19999999999999996 -0.19999999999999996 0.2 0.2 0.309375 0.0
0.19999999999999996 0.0 0.2 0.2 0.278125 0.0
0.19999999999999996 0.19999999999999996 0.2 0.2 0.24375000000000002 0.0
0.19999999999999996 0.3999999999999999 0.2 0.2 0.20625 0.0
0.19999999999999996 0.6000000000000001 0.2 0.2 0.171875 0.0
0.19999999999999996 0.8000000000000003 0.2 0.2 0.1375 0.0
0.19999999999999996 1.0 0.2 0.2 0.115625 0.0
0.19999999999999996 1.2000000000000002 0.2 0.2 0.103125 0.0
0.19999999999999996 1.4 0.2 0.2 0.109375 0.0
0.3999999999999999 -1.6 0.2 0.2 0.396875 0.0
0.3999999999999999 -1.4000000000000001 0.2 0.2 0.37812499999999993 0.0
0.3999999999999999 -1.2000000000000002 0.2 0.2 0.36249999999999993 0.0
0.3999999999999999 -1.0 0.2 0.2 0.346875 0.0
0.3999999999999999 -0.8 0.2 0.2 0.34375 0.0
0.3999999999999999 -0.6000000000000001 0.2 0.2 0.34375 0.0
0.3999999999999999 -0.3999999999999999 0.2 0.2 0.328125 0.0
0.3999999999999999 -0.19999999999999996 0.2 0.2 0.30312500000000003 0.0
0.3999999999999999 0.0 0.2 0.2 0.26875 0.0
0.3999999999999999 0.19999999999999996 0.2 0.2 0.23125 0.0
0.3999999999999999 0.3999999999999999 0.2 0.2 0.190625 0.0
0.3999999999999999 0.6000000000000001 0.2 0.2 0.15625 0.0
0.3999999999999999 0.8000000000000003 0.2 0.2 0.128125 0.0
0.3999999999999999 1.0 0.2 0.2 0.109375 0.0
0.3999999999999999 1.2000000000000002 0.2 0.2 0.1 0.0
0.3999999999999999 1.4 0.2 0.2 0.10625000000000001 0.0
0.6000000000000001 -1.6 0.2 0.2 0.42499999999999993 0.0
0.6000000000000001 -1.4000000000000001 0.2 0.2 0.40625 0.0
0.6000000000000001 -1.2000000000000002 0.2 0.2 0.384375 0.0
0.6000000000000001 -1.0 0.2 0.2 0.365625 0.0
0.6000000000000001 -0.8 0.2 0.2 0.35 0.0
0.6000000000000001 -0.6000000000000001 0.2 0.2 0.34375 0.0
0.6000000000000001 -0.3999999999999999 0.2 0.2 0.325 0.0
0.6000000000000001 -0.19999999999999996 0.2 0.2 0.29375 0.0
0.6000000000000001 0.0 0.2 0.2 0.259375 0.0
0.6000000000000001 0.19999999999999996 0.2 0.2 0.221875 0.0
0.6000000000000001 0.3999999999999999 0.2 0.2 0.1875 0.0
0.6000000000000001 0.6000000000000001 0.2 0.2 0.15625 0.0
0.6000000000000001 0.8000000000000003 0.2 0.2 0.13125 0.0
0.6000000000000001 1.0 0.2 0.2 0.11875 0.0
0.6000000000000001 1.2000000000000002 0.2 0.2 0.115625 0.0
0.6000000000000001 1.4 0.2 0.2 0.12187500000000001 0.0
0.8000000000000003 -1.6 0.2 0.2 0.44062499999999993 0.0
0.8000000000000003 -1.4000000000000001 0.2 0.2 0.421875 0.0
0.8000000000000003 -1.2000000000000002 0.2 0.2 0.396875 0.0
0.8000000000000003 -1.0 0.2 0.2 0.37187499999999996 0.0
0.8000000000000003 -0.8 0.2 0.2 0.353125 0.0
0.8000000000000003 -0.6000000000000001 0.2 0.2 0.340625 0.0
0.8000000000000003 -0.3999999999999999 0.2 0.2 0.315625 0.0
0.8000000000000003 -0.19999999999999996 0.2 0.2 0.284375 0.0
0.8000000000000003 0.0 0.2 0.2 0.25 0.0
0.8000000000000003 0.19999999999999996 0.2 0.2 0.215625 0.0
0.8000000000000003 0.3999999999999999 0.2 0.2 0.1875 0.0
0.8000000000000003 0.6000000000000001 0.2 0.2 0.16562500000000002 0.0
0.8000000000000003 0.8000000000000003 0.2 0.2 0.15000000000000002 0.0
0.8000000000000003 1.0 0.2 0.2 0.14375 0.0
0.8000000000000003 1.2000000000000002 0.2 0.2 0.14687499999999998 0.0
0.8000000000000003 1.4 0.2 0.2 0.153125 0.0
1.0 -1.6 0.2 0.2 0.44999999999999996 0.0
1.0 -1.4000000000000001 0.2 0.2 0.428125 0.0
1.0 -1.2000000000000002 0.2 0.2 0.3999999999999999 0.0
1.0 -1.0 0.2 0.2 0.36875 0.0
1.0 -0.8 0.2 0.2 0.34375 0.0
1.0 -0.6000000000000001 0.2 0.2 0.328125 0.0
1.0 -0.3999999999999999 0.2 0.2 0.3 0.0
1.0 -0.19999999999999996 0.2 0.2 0.27187500000000003 0.0
1.0 0.0 0.2 0.2 0.24062500000000003 0.0
1.0 0.19999999999999996 0.2 0.2 0.215625 0.0
1.0 0.3999999999999999 0.2 0.2 0.19375000000000003 0.0
1.0 0.6000000000000001 0.2 0.2 0.18125000000000002 0.0
1.0 0.8000000000000003 0.2 0.2 0.17812499999999998 0.0
1.0 1.0 0.2 0.2 0.18125000000000002 0.0
1.0 1.2000000000000002 0.2 0.2 0.1875 0.0
1.0 1.4 0.2 0.2 0.2 0.0
1.2000000000000002 -1.6 0.2 0.2 0.44375 0.0
1.2000000000000002 -1.4000000000000001 0.2 0.2 0.421875 0.0
1.2000000000000002 -1.2000000000000002 0.2 0.2 0.390625 0.0
1.2000000000000002 -1.0 0.2 0.2 0.35624999999999996 0.0
1.2000000000000002 -0.8 0.2 0.2 0.328125 0.0
1.2000000000000002 -0.6000000000000001 0.2 0.2 0.30625 0.0
1.2000000000000002 -0.3999999999999999 0.2 0.2 0.28125 0.0
1.2000000000000002 -0.19999999999999996 0.2 0.2 0.25625000000000003 0.0
1.2000000000000002 0.0 0.2 0.2 0.23125 0.0
1.2000000000000002 0.19999999999999996 0.2 0.2 0.21250000000000002 0.0
1.2000000000000002 0.3999999999999999 0.2 0.2 0.203125 0.0
1.2000000000000002 0.6000000000000001 0.2 0.2 0.203125 0.0
1.2000000000000002 0.8000000000000003 0.2 0.2 0.20937500000000003 0.0
1.2000000000000002 1.0 0.2 0.2 0.221875 0.0
1.2000000000000002 1.2000000000000002 0.2 0.2 0.234375 0.0
1.2000000000000002 1.4 0.2 0.2 0.25 0.0
1.4 -1.6 0.2 0.2 0.4312499999999999 0.0
1.4 -1.4000000000000001 0.2 0.2 0.40312499999999996 0.0
1.4 -1.2000000000000002 0.2 0.2 0.36875 0.0
1.4 -1.0 0.2 0.2 0.33125 0.0
1.4 -0.8 0.2 0.2 0.3 0.0
1.4 -0.6000000000000001 0.2 0.2 0.278125 0.0
1.4 -0.3999999999999999 0.2 0.2 0.25625000000000003 0.0
1.4 -0.19999999999999996 0.2 0.2 0.234375 0.0
1.4 0.0 0.2 0.2 0.21875 0.0
1.4 0.19999999999999996 0.2 0.2 0.21250000000000002 0.0
1.4 0.3999999999999999 0.2 0.2 0.21250000000000002 0.0
1.4 0.6000000000000001 0.2 0.2 0.221875 0.0
1.4 0.8000000000000003 0.2 0.2 0.2375 0.0
1.4 1.0 0.2 0.2 0.25625000000000003 0.0
1.4 1.2000000000000002 0.2 0.2 0.275 0.0
1.4 1.4 0.2 0.2 0.29375 0.0
0.67982 -1.32405 0.41753000000000007 0.19131 0.19131 0.19131 0.0 0 0 1 88.2654
0.40467 -1.04232 0.3510749999999999 0.17715 0.17715 0.17715 0.0 0 0 1 62.84391
-0.85179 0.8207 0.38426000000000005 0.18727 0.18727 0.18727 0.0 0 0 1 85.34637
-1.1925 -0.59108 0.29025500000000004 0.12426 0.12426 0.12426 0.0 0 0 1 38.7883
-1.04961 0.83281 0.32326 0.06527 0.06527 0.06527 0.0 0 0 1 12.51
0.96633 0.52445 0.165185 0.14287 0.14287 0.14287 0.0 0 0 1 74.36162
-0.28939 1.35078 0.15371500000000002 0.07618 0.07618 0.07618 0.0 0 0 1 68.77166
0.69587 -0.88378 0.35205 0.16035 0.16035 0.16035 0.0 0 0 1 31.12389
-0.56229 1.03851 0.27247 0.13244 0.13244 0.13244 0.0 0 0 1 5.31104
-0.52135 1.19642 0.25375500000000006 0.09501 0.09501 0.09501 0.0 0 0 1 64.59707
-0.26512 0.93585 0.25439 0.14003 0.14003 0.14003 0.0 0 0 1 33.94798
-1.2052 -0.71106 0.304925 0.1536 0.1536 0.1536 0.0 0 0 1 73.61713
-0.62345 -0.502 0.266355 0.09521 0.09521 0.09521 0.0 0 0 1 58.08299
1.19136 -0.43925 0.278965 0.10168 0.10168 0.10168 0.0 0 0 1 81.80744
-0.40943 -0.27222 0.261185 0.06612 0.06612 0.06612 0.0 0 0 1 65.01218
-0.28739 0.55227 0.30767500000000003 0.16535 0.16535 0.16535 0.0 0 0 1 72.4849
-0.31568 0.23732 0.32404 0.17308 0.17308 0.17308 0.0 0 0 1 29.80451
1.37983 0.68053 0.16184999999999997 0.07995 0.07995 0.07995 0.0 0 0 1 62.24053
0.86263 -0.9879 0.34213499999999997 0.14052 0.14052 0.14052 0.0 0 0 1 34.46513
-1.30032 -0.24659 0.37581999999999993 0.16414 0.16414 0.16414 0.0 0 0 1 7.47484
-0.6306 0.16654 0.3772650000000001 0.18578 0.18578 0.18578 0.0 0 0 1 56.42434
0.98087 0.62807 0.12210500000000002 0.08171 0.08171 0.08171 0.0 0 0 1 6.99647
-1.21855 1.06076 0.37861999999999996 0.13849 0.13849 0.13849 0.0 0 0 1 40.04911
-0.91968 -0.34888 0.31525000000000003 0.11175 0.11175 0.11175 0.0 0 0 1 56.71554
-0.65532 0.41889 0.28261000000000003 0.05897 0.05897 0.05897 0.0 0 0 1 27.63078
-0.68836 -1.26944 0.14886000000000002 0.06647 0.06647 0.06647 0.0 0 0 1 2.50597
-0.12838 -0.31635 0.2895 0.129 0.129 0.129 0.0 0 0 1 78.12347
0.31846 -0.26593 0.320615 0.18498 0.18498 0.18498 0.0 0 0 1 2.93444
1.34716 -0.22848 0.29928999999999994 0.19858 0.19858 0.19858 0.0 0 0 1 74.27858
-0.03395 -0.37213 0.25644999999999996 0.0629 0.0629 0.0629 0.0 0 0 1 10.32082
-1.32156 0.50792 0.401015 0.08953 0.08953 0.08953 0.0 0 0 1 4.41052
-1.00725 -0.46332 0.33902 0.15929 0.15929 0.15929 0.0 0 0 1 31.88636
1.3214 -0.43537 0.24224500000000002 0.07199 0.07199 0.07199 0.0 0 0 1 59.54932
0.82886 -0.59893 0.32599999999999996 0.1645 0.1645 0.1645 0.0 0 0 1 21.91204
1.08391 -0.81734 0.3218749999999999 0.1 0.1 0.1 0.0 0 0 1 86.75345
1.36255 -0.04451 0.22062 0.12874 0.12874 0.12874 0.0 0 0 1 48.07772
0.42038 -1.17221 0.33870999999999996 0.15242 0.15242 0.15242 0.0 0 0 1 15.58978
0.27845 0.95615 0.15768999999999997 0.19038 0.19038 0.19038 0.0 0 0 1 46.1419
-0.63625 -1.28597 0.15880999999999998 0.08012 0.08012 0.08012 0.0 0 0 1 83.67482
-0.38787 -0.19761 0.33449000000000007 0.18773 0.18773 0.18773 0.0 0 0 1 82.06269
-1.18606 0.82596 0.38309499999999996 0.12244 0.12244 0.12244 0.0 0 0 1 35.91951
1.22686 -0.32581 0.2701 0.1402 0.1402 0.1402 0.0 0 0 1 45.47937
1.22597 0.67275 0.21617499999999998 0.1886 0.1886 0.1886 0.0 0 0 1 81.56658
0.24719 -0.30143 0.310165 0.16408 0.16408 0.16408 0.0 0 0 1 67.77248
-0.7147 0.91951 0.32794999999999996 0.1434 0.1434 0.1434 0.0 0 0 1 43.04608
0.56246 -0.36716 0.307825 0.1594 0.1594 0.1594 0.0 0 0 1 27.1973
-0.16502 1.23064 0.16900500000000004 0.11301 0.11301 0.11301 0.0 0 0 1 39.45074
-0.28377 -1.30547 0.24716999999999997 0.15684 0.15684 0.15684 0.0 0 0 1 50.44027
1.05974 0.69837 0.13283000000000003 0.10316 0.10316 0.10316 0.0 0 0 1 68.52867
-0.87812 0.07771 0.33956 0.11037 0.11037 0.11037 0.0 0 0 1 32.09812
-0.65238 0.3622 0.341165 0.03233 0.03233 0.03233 1000 0 0 1 31.72587
-0.84882 0.36201 0.37695 0.04765 0.04765 0.04765 1000 0 0 1 74.12254
-0.2374 -0.38871 0.34983000000000003 0.04966 0.04966 0.04966 1000 0 0 1 59.51043
-0.40224 -0.38036 0.34261 0.03522 0.03522 0.03522 1000 0 0 1 79.68883
0.15214 0.62352 0.1955 0.04725 0.04725 0.04725 1000 0 0 1 72.41247
-0.03844 -0.56802 0.341505 0.03301 0.03301 0.03301 1000 0 0 1 42.83104
0.35627 0.41218 0.21483 0.04841 0.04841 0.04841 1000 0 0 1 16.94183
-0.54866 -0.19006 0.36292 0.04459 0.04459 0.04459 1000 0 0 1 18.95264
0.62677 0.37557 0.206795 0.03859 0.03859 0.03859 1000 0 0 1 58.54029
-0.44304 -0.55763 0.31631000000000004 0.02012 0.02012 0.02012 1000 0 0 1 54.6362
-0.34615 0.05353 0.34343 0.03686 0.03686 0.03686 1000 0 0 1 15.44539
-0.62082 -0.17263 0.36268 0.04411 0.04411 0.04411 1000 0 0 1 37.27864
-0.79642 -0.82162 0.300265 0.03178 0.03178 0.03178 1000 0 0 1 1.69111
-0.87437 0.46757 0.365555 0.02486 0.02486 0.02486 1000 0 0 1 43.53623
-0.4549 0.25578 0.33339 0.04178 0.04178 0.04178 1000 0 0 1 54.70314
0.44417 -0.04924 0.282925 0.02835 0.02835 0.02835 1000 0 0 1 80.88659
0.45173 0.00391 0.29242999999999997 0.04736 0.04736 0.04736 1000 0 0 1 67.09047
-0.66343 0.67527 0.318585 0.02467 0.02467 0.02467 1000 0 0 1 62.51513
-0.15874 -0.76187 0.30591 0.03057 0.03057 0.03057 1000 0 0 1 53.44478
-0.03711 0.59934 0.21305500000000002 0.03861 0.03861 0.03861 1000 0 0 1 65.57512
0.40225 0.58652 0.176025 0.03955 0.03955 0.03955 1000 0 0 1 52.16269
0.33589 0.06273 0.284015 0.03053 0.03053 0.03053 1000 0 0 1 51.50098
0.60687 -0.04559 0.28184000000000003 0.04493 0.04493 0.04493 1000 0 0 1 56.82099
0.34877 -0.04856 0.292895 0.04829 0.04829 0.04829 1000 0 0 1 83.33593
0.18283 0.41872 0.22183499999999998 0.03117 0.03117 0.03117 1000 0 0 1 53.42912
0.36789 -0.39451 0.34914 0.04203 0.04203 0.04203 1000 0 0 1 57.90816
-0.82904 -0.54695 0.335355 0.03321 0.03321 0.03321 1000 0 0 1 58.99414
-0.83919 0.58499 0.354625 0.03425 0.03425 0.03425 1000 0 0 1 17.69154
-0.60464 0.34238 0.34153500000000003 0.03307 0.03307 0.03307 1000 0 0 1 14.51493
-0.54546 -0.45687 0.345075 0.0339 0.0339 0.0339 1000 0 0 1 50.25367
-0.56454 0.61872 0.318825 0.02515 0.02515 0.02515 1000 0 0 1 55.18242
-0.75074 0.41446 0.369915 0.03358 0.03358 0.03358 1000 0 0 1 22.89922
0.62145 -0.58038 0.35806 0.02862 0.02862 0.02862 1000 0 0 1 49.68732
0.18343 -0.6118 0.35898 0.04921 0.04921 0.04921 1000 0 0 1 49.66152
0.45368 -0.8388 0.361975 0.03645 0.03645 0.03645 1000 0 0 1 4.56307
-0.54611 -0.84295 0.2947 0.0394 0.0394 0.0394 1000 0 0 1 78.5009
0.37972 -0.1396 0.32112500000000005 0.036 0.036 0.036 1000 0 0 1 52.05343
-0.02091 -0.86267 0.321125 0.0235 0.0235 0.0235 1000 0 0 1 59.12839
-0.39914 -0.87405 0.2888 0.02135 0.02135 0.02135 1000 0 0 1 77.23735
-0.42332 0.56133 0.292755 0.04801 0.04801 0.04801 1000 0 0 1 14.11559
-0.14906 0.47556 0.27005 0.02135 0.02135 0.02135 1000 0 0 1 61.35113
0.65774 0.62614 0.171605 0.03071 0.03071 0.03071 1000 0 0 1 15.68117
-0.61777 -0.85553 0.29414500000000005 0.03829 0.03829 0.03829 1000 0 0 1 71.88398
-0.25046 -0.58109 0.33133 0.03141 0.03141 0.03141 1000 0 0 1 60.56689
0.62994 0.42792 0.20408 0.03316 0.03316 0.03316 1000 0 0 1 28.98094
-0.5346 -0.38934 0.345245 0.03424 0.03424 0.03424 1000 0 0 1 27.2664
-0.37661 -0.04313 0.34109500000000004 0.03219 0.03219 0.03219 1000 0 0 1 60.05042
0.59705 0.19684 0.23646499999999998 0.02918 0.02918 0.02918 1000 0 0 1 64.54461
-0.84152 0.41593 0.366645 0.02704 0.02704 0.02704 1000 0 0 1 53.91565
-0.79973 0.56882 0.35132 0.02764 0.02764 0.02764 1000 0 0 1 49.14096
