-1.6 -1.6 0.2 0.2 0.390625 0.0
-1.6 -1.4000000000000001 0.2 0.2 0.384375 0.0
-1.6 -1.2000000000000002 0.2 0.2 0.37187499999999996 0.0
-1.6 -1.0 0.2 0.2 0.35 0.0
-1.6 -0.8 0.2 0.2 0.321875 0.0
-1.6 -0.6000000000000001 0.2 0.2 0.28125 0.0
-1.6 -0.3999999999999999 0.2 0.2 0.23437500000000003 0.0
-1.6 -0.19999999999999996 0.2 0.2 0.18749999999999997 0.0
-1.6 0.0 0.2 0.2 0.146875 0.0
-1.6 0.19999999999999996 0.2 0.2 0.115625 0.0
-1.6 0.3999999999999999 0.2 0.2 0.103125 0.0
-1.6 0.6000000000000001 0.2 0.2 0.103125 0.0
-1.6 0.8000000000000003 0.2 0.2 0.11875 0.0
-1.6 1.0 0.2 0.2 0.14375 0.0
-1.6 1.2000000000000002 0.2 0.2 0.17187499999999997 0.0
-1.6 1.4 0.2 0.2 0.196875 0.0
-1.4000000000000001 -1.6 0.2 0.2 0.36875 0.0
-1.4000000000000001 -1.4000000000000001 0.2 0.2 0.36875 0.0
-1.4000000000000001 -1.2000000000000002 0.2 0.2 0.359375 0.0
-1.4000000000000001 -1.0 0.2 0.2 0.34375 0.0
-1.4000000000000001 -0.8 0.2 0.2 0.31562500000000004 0.0
-1.4000000000000001 -0.6000000000000001 0.2 0.2 0.27812499999999996 0.0
-1.4000000000000001 -0.3999999999999999 0.2 0.2 0.23124999999999998 0.0
-1.4000000000000001 -0.19999999999999996 0.2 0.2 0.18125 0.0
-1.4000000000000001 0.0 0.2 0.2 0.140625 0.0
-1.4000000000000001 0.19999999999999996 0.2 0.2 0.109375 0.0
-1.4000000000000001 0.3999999999999999 0.2 0.2 0.1 0.0
-1.4000000000000001 0.6000000000000001 0.2 0.2 0.103125 0.0
-1.4000000000000001 0.8000000000000003 0.2 0.2 0.12187499999999998 0.0
-1.4000000000000001 1.0 0.2 0.2 0.15312499999999998 0.0
-1.4000000000000001 1.2000000000000002 0.2 0.2 0.19062500000000002 0.0
-1.4000000000000001 1.4 0.2 0.2 0.21875000000000003 0.0
-1.2000000000000002 -1.6 0.2 0.2 0.35 0.0
-1.2000000000000002 -1.4000000000000001 0.2 0.2 0.353125 0.0
-1.2000000000000002 -1.2000000000000002 0.2 0.2 0.35 0.0
-1.2000000000000002 -1.0 0.2 0.2 0.34062499999999996 0.0
-1.2000000000000002 -0.8 0.2 0.2 0.31562500000000004 0.0
-1.2000000000000002 -0.6000000000000001 0.2 0.2 0.27812499999999996 0.0
-1.2000000000000002 -0.3999999999999999 0.2 0.2 0.228125 0.0
-1.2000000000000002 -0.19999999999999996 0.2 0.2 0.178125 0.0
-1.2000000000000002 0.0 0.2 0.2 0.13749999999999998 0.0
-1.2000000000000002 0.19999999999999996 0.2 0.2 0.11249999999999999 0.0
-1.2000000000000002 0.3999999999999999 0.2 0.2 0.103125 0.0
-1.2000000000000002 0.6000000000000001 0.2 0.2 0.11249999999999999 0.0
-1.2000000000000002 0.8000000000000003 0.2 0.2 0.13749999999999998 0.0
-1.2000000000000002 1.0 0.2 0.2 0.17500000000000002 0.0
-1.2000000000000002 1.2000000000000002 0.2 0.2 0.21562499999999998 0.0
-1.2000000000000002 1.4 0.2 0.2 0.25312500000000004 0.0
-1.0 -1.6 0.2 0.2 0.334375 0.0
-1.0 -1.4000000000000001 0.2 0.2 0.34375 0.0
-1.0 -1.2000000000000002 0.2 0.2 0.34687500000000004 0.0
-1.0 -1.0 0.2 0.2 0.34062499999999996 0.0
-1.0 -0.8 0.2 0.2 0.31875 0.0
-1.0 -0.6000000000000001 0.2 0.2 0.27812499999999996 0.0
-1.0 -0.3999999999999999 0.2 0.2 0.23124999999999998 0.0
-1.0 -0.19999999999999996 0.2 0.2 0.18125 0.0
-1.0 0.0 0.2 0.2 0.14375 0.0
-1.0 0.19999999999999996 0.2 0.2 0.11875 0.0
-1.0 0.3999999999999999 0.2 0.2 0.11249999999999999 0.0
-1.0 0.6000000000000001 0.2 0.2 0.125 0.0
-1.0 0.8000000000000003 0.2 0.2 0.15625 0.0
-1.0 1.0 0.2 0.2 0.19999999999999998 0.0
-1.0 1.2000000000000002 0.2 0.2 0.24375 0.0
-1.0 1.4 0.2 0.2 0.28437500000000004 0.0
-0.8 -1.6 0.2 0.2 0.328125 0.0
-0.8 -1.4000000000000001 0.2 0.2 0.34375 0.0
-0.8 -1.2000000000000002 0.2 0.2 0.35 0.0
-0.8 -1.0 0.2 0.2 0.34375 0.0
-0.8 -0.8 0.2 0.2 0.32499999999999996 0.0
-0.8 -0.6000000000000001 0.2 0.2 0.2875 0.0
-0.8 -0.3999999999999999 0.2 0.2 0.23750000000000002 0.0
-0.8 -0.19999999999999996 0.2 0.2 0.19062500000000002 0.0
-0.8 0.0 0.2 0.2 0.15 0.0
-0.8 0.19999999999999996 0.2 0.2 0.128125 0.0
-0.8 0.3999999999999999 0.2 0.2 0.125 0.0
-0.8 0.6000000000000001 0.2 0.2 0.140625 0.0
-0.8 0.8000000000000003 0.2 0.2 0.17500000000000002 0.0
-0.8 1.0 0.2 0.2 0.21875000000000003 0.0
-0.8 1.2000000000000002 0.2 0.2 0.26875000000000004 0.0
-0.8 1.4 0.2 0.2 0.3125 0.0
-0.6000000000000001 -1.6 0.2 0.2 0.3375 0.0
-0.6000000000000001 -1.4000000000000001 0.2 0.2 0.353125 0.0
-0.6000000000000001 -1.2000000000000002 0.2 0.2 0.359375 0.0
-0.6000000000000001 -1.0 0.2 0.2 0.35624999999999996 0.0
-0.6000000000000001 -0.8 0.2 0.2 0.3375 0.0
-0.6000000000000001 -0.6000000000000001 0.2 0.2 0.30000000000000004 0.0
-0.6000000000000001 -0.3999999999999999 0.2 0.2 0.25 0.0
-0.6000000000000001 -0.19999999999999996 0.2 0.2 0.20312499999999997 0.0
-0.6000000000000001 0.0 0.2 0.2 0.1625 0.0
-0.6000000000000001 0.19999999999999996 0.2 0.2 0.140625 0.0
-0.6000000000000001 0.3999999999999999 0.2 0.2 0.13749999999999998 0.0
-0.6000000000000001 0.6000000000000001 0.2 0.2 0.15312499999999998 0.0
-0.6000000000000001 0.8000000000000003 0.2 0.2 0.18749999999999997 0.0
-0.6000000000000001 1.0 0.2 0.2 0.23124999999999998 0.0
-0.6000000000000001 1.2000000000000002 0.2 0.2 0.28125 0.0
-0.6000000000000001 1.4 0.2 0.2 0.321875 0.0
-0.3999999999999999 -1.6 0.2 0.2 0.35624999999999996 0.0
-0.3999999999999999 -1.4000000000000001 0.2 0.2 0.37187499999999996 0.0
-0.3999999999999999 -1.2000000000000002 0.2 0.2 0.37812500000000004 0.0
-0.3999999999999999 -1.0 0.2 0.2 0.37187499999999996 0.0
-0.3999999999999999 -0.8 0.2 0.2 0.353125 0.0
-0.3999999999999999 -0.6000000000000001 0.2 0.2 0.31562500000000004 0.0
-0.3999999999999999 -0.3999999999999999 0.2 0.2 0.265625 0.0
-0.3999999999999999 -0.19999999999999996 0.2 0.2 0.21562499999999998 0.0
-0.3999999999999999 0.0 0.2 0.2 0.17500000000000002 0.0
-0.3999999999999999 0.19999999999999996 0.2 0.2 0.15 0.0
-0.3999999999999999 0.3999999999999999 0.2 0.2 0.14375 0.0
-0.3999999999999999 0.6000000000000001 0.2 0.2 0.159375 0.0
-0.3999999999999999 0.8000000000000003 0.2 0.2 0.18749999999999997 0.0
-0.3999999999999999 1.0 0.2 0.2 0.23124999999999998 0.0
-0.3999999999999999 1.2000000000000002 0.2 0.2 0.27812499999999996 0.0
-0.3999999999999999 1.4 0.2 0.2 0.31875 0.0
-0.19999999999999996 -1.6 0.2 0.2 0.38125 0.0
-0.19999999999999996 -1.4000000000000001 0.2 0.2 0.39375000000000004 0.0
-0.19999999999999996 -1.2000000000000002 0.2 0.2 0.396875 0.0
-0.19999999999999996 -1.0 0.2 0.2 0.390625 0.0
-0.19999999999999996 -0.8 0.2 0.2 0.36875 0.0
-0.19999999999999996 -0.6000000000000001 0.2 0.2 0.328125 0.0
-0.19999999999999996 -0.3999999999999999 0.2 0.2 0.27812499999999996 0.0
-0.19999999999999996 -0.19999999999999996 0.2 0.2 0.21875000000000003 0.0
-0.19999999999999996 0.0 0.2 0.2 0.196875 0.0
-0.19999999999999996 0.19999999999999996 0.2 0.2 0.159375 0.0
-0.19999999999999996 0.3999999999999999 0.2 0.2 0.15 0.0
-0.19999999999999996 0.6000000000000001 0.2 0.2 0.159375 0.0
-0.19999999999999996 0.8000000000000003 0.2 0.2 0.18437499999999998 0.0
-0.19999999999999996 1.0 0.2 0.2 0.225 0.0
-0.19999999999999996 1.2000000000000002 0.2 0.2 0.26875000000000004 0.0
-0.19999999999999996 1.4 0.2 0.2 0.30625 0.0
0.0 -1.6 0.2 0.2 0.40625 0.0
0.0 -1.4000000000000001 0.2 0.2 0.415625 0.0
0.0 -1.2000000000000002 0.2 0.2 0.415625 0.0
0.0 -1.0 0.2 0.2 0.40312499999999996 0.0
0.0 -0.8 0.2 0.2 0.38125 0.0
0.0 -0.6000000000000001 0.2 0.2 0.34062499999999996 0.0
0.0 -0.3999999999999999 0.2 0.2 0.290625 0.0
0.0 -0.19999999999999996 0.2 0.2 0.225 0.0
0.0 0.0 0.2 0.2 0.19999999999999998 0.0
0.0 0.19999999999999996 0.2 0.2 0.1625 0.0
0.0 0.3999999999999999 0.2 0.2 0.15 0.0
0.0 0.6000000000000001 0.2 0.2 0.15625 0.0
0.0 0.8000000000000003 0.2 0.2 0.178125 0.0
0.0 1.0 0.2 0.2 0.21562499999999998 0.0
0.0 1.2000000000000002 0.2 0.2 0.25625 0.0
0.0 1.4 0.2 0.2 0.290625 0.0
0.19999999999999996 -1.6 0.2 0.2 0.428125 0.0
0.19999999999999996 -1.4000000000000001 0.2 0.2 0.43125 0.0
0.19999999999999996 -1.2000000000000002 0.2 0.2 0.428125 0.0
0.19999999999999996 -1.0 0.2 0.2 0.4125 0.0
0.19999999999999996 -0.8 0.2 0.2 0.38749999999999996 0.0
0.19999999999999996 -0.6000000000000001 0.2 0.2 0.34687500000000004 0.0
0.19999999999999996 -0.3999999999999999 0.2 0.2 0.296875 0.0
0.19999999999999996 -0.19999999999999996 0.2 0.2 0.24375 0.0
0.19999999999999996 0.0 0.2 0.2 0.19999999999999998 0.0
0.19999999999999996 0.19999999999999996 0.2 0.2 0.165625 0.0
0.19999999999999996 0.3999999999999999 0.2 0.2 0.15 0.0
0.19999999999999996 0.6000000000000001 0.2 0.2 0.15312499999999998 0.0
0.19999999999999996 0.8000000000000003 0.2 0.2 0.17187499999999997 0.0
0.19999999999999996 1.0 0.2 0.2 0.20625000000000002 0.0
0.19999999999999996 1.2000000000000002 0.2 0.2 0.24375 0.0
0.19999999999999996 1.4 0.2 0.2 0.275 0.0
0.3999999999999999 -1.6 0.2 0.2 0.44375 0.0
0.3999999999999999 -1.4000000000000001 0.2 0.2 0.44375 0.0
0.3999999999999999 -1.2000000000000002 0.2 0.2 0.43437499999999996 0.0
0.3999999999999999 -1.0 0.2 0.2 0.415625 0.0
0.3999999999999999 -0.8 0.2 0.2 0.38749999999999996 0.0
0.3999999999999999 -0.6000000000000001 0.2 0.2 0.35 0.0
0.3999999999999999 -0.3999999999999999 0.2 0.2 0.296875 0.0
0.3999999999999999 -0.19999999999999996 0.2 0.2 0.24687499999999998 0.0
0.3999999999999999 0.0 0.2 0.2 0.19999999999999998 0.0
0.3999999999999999 0.19999999999999996 0.2 0.2 0.16874999999999998 0.0
0.3999999999999999 0.3999999999999999 0.2 0.2 0.15 0.0
0.3999999999999999 0.6000000000000001 0.2 0.2 0.15312499999999998 0.0
0.3999999999999999 0.8000000000000003 0.2 0.2 0.16874999999999998 0.0
0.3999999999999999 1.0 0.2 0.2 0.196875 0.0
0.3999999999999999 1.2000000000000002 0.2 0.2 0.23124999999999998 0.0
0.3999999999999999 1.4 0.2 0.2 0.265625 0.0
0.6000000000000001 -1.6 0.2 0.2 0.44999999999999996 0.0
0.6000000000000001 -1.4000000000000001 0.2 0.2 0.446875 0.0
0.6000000000000001 -1.2000000000000002 0.2 0.2 0.43437499999999996 0.0
0.6000000000000001 -1.0 0.2 0.2 0.4125 0.0
0.6000000000000001 -0.8 0.2 0.2 0.384375 0.0
0.6000000000000001 -0.6000000000000001 0.2 0.2 0.34375 0.0
0.6000000000000001 -0.3999999999999999 0.2 0.2 0.29374999999999996 0.0
0.6000000000000001 -0.19999999999999996 0.2 0.2 0.24375 0.0
0.6000000000000001 0.0 0.2 0.2 0.19999999999999998 0.0
0.6000000000000001 0.19999999999999996 0.2 0.2 0.165625 0.0
0.6000000000000001 0.3999999999999999 0.2 0.2 0.15 0.0
0.6000000000000001 0.6000000000000001 0.2 0.2 0.15312499999999998 0.0
0.6000000000000001 0.8000000000000003 0.2 0.2 0.16874999999999998 0.0
0.6000000000000001 1.0 0.2 0.2 0.196875 0.0
0.6000000000000001 1.2000000000000002 0.2 0.2 0.228125 0.0
0.6000000000000001 1.4 0.2 0.2 0.259375 0.0
0.8000000000000003 -1.6 0.2 0.2 0.44999999999999996 0.0
0.8000000000000003 -1.4000000000000001 0.2 0.2 0.44375 0.0
0.8000000000000003 -1.2000000000000002 0.2 0.2 0.428125 0.0
0.8000000000000003 -1.0 0.2 0.2 0.40312499999999996 0.0
0.8000000000000003 -0.8 0.2 0.2 0.37187499999999996 0.0
0.8000000000000003 -0.6000000000000001 0.2 0.2 0.334375 0.0
0.8000000000000003 -0.3999999999999999 0.2 0.2 0.28437500000000004 0.0
0.8000000000000003 -0.19999999999999996 0.2 0.2 0.23750000000000002 0.0
0.8000000000000003 0.0 0.2 0.2 0.19375 0.0
0.8000000000000003 0.19999999999999996 0.2 0.2 0.165625 0.0
0.8000000000000003 0.3999999999999999 0.2 0.2 0.15312499999999998 0.0
0.8000000000000003 0.6000000000000001 0.2 0.2 0.15312499999999998 0.0
0.8000000000000003 0.8000000000000003 0.2 0.2 0.17187499999999997 0.0
0.8000000000000003 1.0 0.2 0.2 0.19999999999999998 0.0
0.8000000000000003 1.2000000000000002 0.2 0.2 0.23124999999999998 0.0
0.8000000000000003 1.4 0.2 0.2 0.259375 0.0
1.0 -1.6 0.2 0.2 0.44062499999999993 0.0
1.0 -1.4000000000000001 0.2 0.2 0.43437499999999996 0.0
1.0 -1.2000000000000002 0.2 0.2 0.415625 0.0
1.0 -1.0 0.2 0.2 0.390625 0.0
1.0 -0.8 0.2 0.2 0.359375 0.0
1.0 -0.6000000000000001 0.2 0.2 0.31875 0.0
1.0 -0.3999999999999999 0.2 0.2 0.271875 0.0
1.0 -0.19999999999999996 0.2 0.2 0.228125 0.0
1.0 0.0 0.2 0.2 0.19062500000000002 0.0
1.0 0.19999999999999996 0.2 0.2 0.165625 0.0
1.0 0.3999999999999999 0.2 0.2 0.15625 0.0
1.0 0.6000000000000001 0.2 0.2 0.1625 0.0
1.0 0.8000000000000003 0.2 0.2 0.18125 0.0
1.0 1.0 0.2 0.2 0.209375 0.0
1.0 1.2000000000000002 0.2 0.2 0.24375 0.0
1.0 1.4 0.2 0.2 0.26875000000000004 0.0
1.2000000000000002 -1.6 0.2 0.2 0.42499999999999993 0.0
1.2000000000000002 -1.4000000000000001 0.2 0.2 0.41874999999999996 0.0
1.2000000000000002 -1.2000000000000002 0.2 0.2 0.4 0.0
1.2000000000000002 -1.0 0.2 0.2 0.375 0.0
1.2000000000000002 -0.8 0.2 0.2 0.34375 0.0
1.2000000000000002 -0.6000000000000001 0.2 0.2 0.303125 0.0
1.2000000000000002 -0.3999999999999999 0.2 0.2 0.259375 0.0
1.2000000000000002 -0.19999999999999996 0.2 0.2 0.21875000000000003 0.0
1.2000000000000002 0.0 0.2 0.2 0.18437499999999998 0.0
1.2000000000000002 0.19999999999999996 0.2 0.2 0.165625 0.0
1.2000000000000002 0.3999999999999999 0.2 0.2 0.1625 0.0
1.2000000000000002 0.6000000000000001 0.2 0.2 0.17187499999999997 0.0
1.2000000000000002 0.8000000000000003 0.2 0.2 0.196875 0.0
1.2000000000000002 1.0 0.2 0.2 0.228125 0.0
1.2000000000000002 1.2000000000000002 0.2 0.2 0.26249999999999996 0.0
1.2000000000000002 1.4 0.2 0.2 0.290625 0.0
1.4 -1.6 0.2 0.2 0.40625 0.0
1.4 -1.4000000000000001 0.2 0.2 0.4 0.0
1.4 -1.2000000000000002 0.2 0.2 0.384375 0.0
1.4 -1.0 0.2 0.2 0.36250000000000004 0.0
1.4 -0.8 0.2 0.2 0.328125 0.0
1.4 -0.6000000000000001 0.2 0.2 0.290625 0.0
1.4 -0.3999999999999999 0.2 0.2 0.25 0.0
1.4 -0.19999999999999996 0.2 0.2 0.2125 0.0
1.4 0.0 0.2 0.2 0.18437499999999998 0.0
1.4 0.19999999999999996 0.2 0.2 0.16874999999999998 0.0
1.4 0.3999999999999999 0.2 0.2 0.17187499999999997 0.0
1.4 0.6000000000000001 0.2 0.2 0.18749999999999997 0.0
1.4 0.8000000000000003 0.2 0.2 0.21562499999999998 0.0
1.4 1.0 0.2 0.2 0.25312500000000004 0.0
1.4 1.2000000000000002 0.2 0.2 0.290625 0.0
1.4 1.4 0.2 0.2 0.31875 0.0
0.9184 -1.27686 0.37078 0.05406 0.05406 0.05406 0.0 0 0 1 84.81991
0.61297 -0.2196 0.26776500000000003 0.14178 0.14178 0.14178 0.0 0 0 1 10.9882
-0.13134 0.44567 0.14195 0.16515 0.16515 0.16515 0.0 0 0 1 67.50416
-0.63738 0.37565 0.12827999999999998 0.17531 0.17531 0.17531 0.0 0 0 1 13.9674
0.72051 1.18794 0.17194 0.08763 0.08763 0.08763 0.0 0 0 1 39.22122
1.30412 1.20297 0.252595 0.12394 0.12394 0.12394 0.0 0 0 1 71.45934
-1.1114 -0.89551 0.30213999999999996 0.11678 0.11678 0.11678 0.0 0 0 1 30.74527
0.06524 1.39546 0.28066 0.18007 0.18007 0.18007 0.0 0 0 1 87.63632
1.05351 0.43861 0.143695 0.16239 0.16239 0.16239 0.0 0 0 1 80.27902
-0.5273 0.58779 0.09555499999999997 0.08486 0.08486 0.08486 0.0 0 0 1 64.8553
-0.85798 -1.23732 0.35269000000000006 0.19913 0.19913 0.19913 0.0 0 0 1 48.15916
0.41141 -1.10853 0.41328999999999994 0.15783 0.15783 0.15783 0.0 0 0 1 79.48148
0.14574 -1.326 0.41142500000000004 0.16035 0.16035 0.16035 0.0 0 0 1 64.86102
-1.01619 -0.98902 0.2960649999999999 0.11088 0.11088 0.11088 0.0 0 0 1 26.78373
0.95359 -1.22447 0.392265 0.09703 0.09703 0.09703 0.0 0 0 1 82.14667
1.22721 0.24458 0.104985 0.07872 0.07872 0.07872 0.0 0 0 1 40.11148
0.87088 1.0396 0.216925 0.17135 0.17135 0.17135 0.0 0 0 1 10.76242
0.86648 0.50556 0.11387499999999998 0.1215 0.1215 0.1215 0.0 0 0 1 62.20316
0.38114 -0.37294 0.24178999999999998 0.08983 0.08983 0.08983 0.0 0 0 1 65.03628
-1.12278 -0.34778 0.19757499999999997 0.13265 0.13265 0.13265 0.0 0 0 1 81.85683
-0.1155 1.17252 0.21272500000000003 0.08795 0.08795 0.08795 0.0 0 0 1 4.51336
-0.03467 -0.31209 0.28190500000000007 0.18256 0.18256 0.18256 0.0 0 0 1 49.83195
1.14751 0.27819 0.11017999999999997 0.08911 0.08911 0.08911 0.0 0 0 1 38.45979
-0.19214 -0.64681 0.32286000000000004 0.10822 0.10822 0.10822 0.0 0 0 1 40.99132
-1.17722 -0.51082 0.24437499999999998 0.1325 0.1325 0.1325 0.0 0 0 1 56.69388
-0.74781 0.78796 0.13214 0.11428 0.11428 0.11428 0.0 0 0 1 67.72116
-1.16842 -0.1557 0.159645 0.15679 0.15679 0.15679 0.0 0 0 1 49.72119
-0.43207 0.51857 0.10014499999999998 0.09404 0.09404 0.09404 0.0 0 0 1 41.9236
-0.99177 -0.15203 0.17578000000000002 0.18906 0.18906 0.18906 0.0 0 0 1 79.25245
1.38804 0.4873 0.15301999999999996 0.16229 0.16229 0.16229 0.0 0 0 1 29.65844
1.14297 0.99537 0.14434 0.06993 0.06993 0.06993 0.0 0 0 1 34.5272
-0.75884 1.14953 0.253545 0.16959 0.16959 0.16959 0.0 0 0 1 28.84179
0.1906 -0.84278 0.37236499999999995 0.11973 0.11973 0.11973 0.0 0 0 1 26.39
1.36782 -0.33529 0.27071499999999993 0.19768 0.19768 0.19768 0.0 0 0 1 69.738
-0.92445 -0.67514 0.30721 0.16442 0.16442 0.16442 0.0 0 0 1 62.38642
-0.13529 0.70099 0.14853999999999998 0.12833 0.12833 0.12833 0.0 0 0 1 88.06873
0.10054 -0.74347 0.320615 0.07873 0.07873 0.07873 0.0 0 0 1 7.80725
-0.44036 -0.4315 0.27754 0.12383 0.12383 0.12383 0.0 0 0 1 39.49307
0.34828 0.89609 0.17288 0.13326 0.13326 0.13326 0.0 0 0 1 78.36128
1.25578 -1.30837 0.40390499999999996 0.13906 0.13906 0.13906 0.0 0 0 1 60.02909
0.47411 -0.39965 0.24875 0.10375 0.10375 0.10375 0.0 0 0 1 80.38404
-0.17308 -0.89853 0.375335 0.16942 0.16942 0.16942 0.0 0 0 1 41.3583
0.62319 -0.65436 0.3863749999999999 0.19775 0.19775 0.19775 0.0 0 0 1 52.24141
0.7669 -0.81061 0.38756999999999997 0.15014 0.15014 0.15014 0.0 0 0 1 83.37656
-1.07511 0.07841 0.11452999999999999 0.14156 0.14156 0.14156 0.0 0 0 1 13.02913
0.5997 -1.27464 0.399165 0.10458 0.10458 0.10458 0.0 0 0 1 23.71752
-1.29572 0.57475 0.09792999999999999 0.18961 0.18961 0.18961 0.0 0 0 1 83.26204
-0.56516 0.58782 0.09575499999999998 0.08526 0.08526 0.08526 0.0 0 0 1 35.14693
0.10167 1.1151 0.149105 0.06696 0.06696 0.06696 0.0 0 0 1 1.36624
-0.53279 0.8659 0.13729499999999997 0.09959 0.09959 0.09959 0.0 0 0 1 49.41058
-0.65402 0.2379 0.159175 0.0371 0.0371 0.0371 1000 0 0 1 65.91264
-0.78556 -0.34575 0.25776 0.04052 0.04052 0.04052 1000 0 0 1 79.4569
-0.76249 -0.26114 0.20300500000000002 0.02476 0.02476 0.02476 1000 0 0 1 73.70492
-0.19264 -0.76499 0.385155 0.03281 0.03281 0.03281 1000 0 0 1 51.22197
-0.84412 -0.01493 0.170705 0.04141 0.04141 0.04141 1000 0 0 1 29.98638
0.06559 0.5336 0.16977 0.02704 0.02704 0.02704 1000 0 0 1 52.28485
0.24723 -0.59362 0.36791500000000005 0.04208 0.04208 0.04208 1000 0 0 1 74.10338
0.3683 -0.04878 0.21427 0.02854 0.02854 0.02854 1000 0 0 1 43.73348
-0.76432 0.54358 0.15502 0.02879 0.02879 0.02879 1000 0 0 1 9.97903
0.35895 0.04394 0.22424499999999997 0.04849 0.04849 0.04849 1000 0 0 1 88.82726
-0.56991 -0.37548 0.274745 0.04949 0.04949 0.04949 1000 0 0 1 31.70664
-0.64095 -0.58294 0.320875 0.04175 0.04175 0.04175 1000 0 0 1 75.50095
-0.83866 -0.56996 0.30299 0.03098 0.03098 0.03098 1000 0 0 1 33.84741
0.39231 0.56106 0.17354999999999998 0.04085 0.04085 0.04085 1000 0 0 1 83.84963
-0.21883 -0.56667 0.35131 0.04637 0.04637 0.04637 1000 0 0 1 3.46495
-0.45274 0.35962 0.16363999999999998 0.03978 0.03978 0.03978 1000 0 0 1 15.63627
-0.44478 -0.61358 0.33633500000000005 0.04142 0.04142 0.04142 1000 0 0 1 69.99477
0.60222 -0.82377 0.407685 0.04662 0.04662 0.04662 1000 0 0 1 10.3934
0.39679 -0.03811 0.21328999999999998 0.02658 0.02658 0.02658 1000 0 0 1 87.12377
-0.26587 0.65258 0.17489 0.03103 0.03103 0.03103 1000 0 0 1 71.93351
0.06196 0.35263 0.164125 0.02825 0.02825 0.02825 1000 0 0 1 39.34511
0.03344 0.35367 0.161415 0.02283 0.02283 0.02283 1000 0 0 1 32.43061
-0.79802 0.59366 0.15778999999999999 0.03433 0.03433 0.03433 1000 0 0 1 23.2103
-0.03733 0.34944 0.16526 0.03052 0.03052 0.03052 1000 0 0 1 79.08237
-0.23123 0.4562 0.16103499999999998 0.02207 0.02207 0.02207 1000 0 0 1 59.25365
0.45551 -0.06116 0.214665 0.02933 0.02933 0.02933 1000 0 0 1 80.02874
0.57784 0.60565 0.16944499999999998 0.03264 0.03264 0.03264 1000 0 0 1 27.76508
-0.78077 0.24831 0.144305 0.03236 0.03236 0.03236 1000 0 0 1 50.21871
0.46427 0.03703 0.21755 0.0351 0.0351 0.0351 1000 0 0 1 24.46153
-0.63131 -0.8605 0.356885 0.03877 0.03877 0.03877 1000 0 0 1 12.23208
-0.33163 0.44781 0.157885 0.02827 0.02827 0.02827 1000 0 0 1 40.61238
0.46663 -0.56388 0.36393499999999995 0.02787 0.02787 0.02787 1000 0 0 1 86.26507
-0.60492 -0.26359 0.22034999999999996 0.03445 0.03445 0.03445 1000 0 0 1 30.91705
0.1408 0.6062 0.16731 0.02837 0.02837 0.02837 1000 0 0 1 55.88554
0.158 -0.56737 0.36224000000000006 0.03073 0.03073 0.03073 1000 0 0 1 9.1032
-0.58742 -0.84303 0.35342500000000004 0.03185 0.03185 0.03185 1000 0 0 1 38.79644
-0.3941 -0.1806 0.23473499999999997 0.03822 0.03822 0.03822 1000 0 0 1 35.92872
-0.75773 -0.00106 0.16459 0.02918 0.02918 0.02918 1000 0 0 1 66.66352
-0.75593 -0.20504 0.21430000000000002 0.04735 0.04735 0.04735 1000 0 0 1 70.99108
0.64028 0.38999 0.17417 0.04834 0.04834 0.04834 1000 0 0 1 14.48286
0.22498 -0.64702 0.36360000000000003 0.03345 0.03345 0.03345 1000 0 0 1 48.31172
-0.62447 0.15814 0.15853 0.03581 0.03581 0.03581 1000 0 0 1 73.01926
0.41692 0.38881 0.163275 0.02655 0.02655 0.02655 1000 0 0 1 85.31788
0.63421 0.55051 0.16394999999999998 0.02165 0.02165 0.02165 1000 0 0 1 43.08697
0.2506 0.58849 0.17437499999999997 0.0425 0.0425 0.0425 1000 0 0 1 72.19416
0.61352 0.1891 0.1818 0.03235 0.03235 0.03235 1000 0 0 1 22.12357
-0.37772 0.58204 0.170045 0.02134 0.02134 0.02134 1000 0 0 1 84.19798
-0.34973 -0.57977 0.332425 0.0336 0.0336 0.0336 1000 0 0 1 81.81461
0.34206 0.40561 0.17034 0.04068 0.04068 0.04068 1000 0 0 1 12.54518
-0.57069 -0.54579 0.31847500000000006 0.03695 0.03695 0.03695 1000 0 0 1 8.2912
