-1.6 -1.6 0.2 0.2 0.290625 0.0
-1.6 -1.4000000000000001 0.2 0.2 0.30312500000000003 0.0
-1.6 -1.2000000000000002 0.2 0.2 0.309375 0.0
-1.6 -1.0 0.2 0.2 0.3125 0.0
-1.6 -0.8 0.2 0.2 0.31562500000000004 0.0
-1.6 -0.6000000000000001 0.2 0.2 0.3125 0.0
-1.6 -0.3999999999999999 0.2 0.2 0.29375 0.0
-1.6 -0.19999999999999996 0.2 0.2 0.2625 0.0
-1.6 0.0 0.2 0.2 0.22812500000000002 0.0
-1.6 0.19999999999999996 0.2 0.2 0.19687500000000002 0.0
-1.6 0.3999999999999999 0.2 0.2 0.171875 0.0
-1.6 0.6000000000000001 0.2 0.2 0.15625 0.0
-1.6 0.8000000000000003 0.2 0.2 0.153125 0.0
-1.6 1.0 0.2 0.2 0.16250000000000003 0.0
-1.6 1.2000000000000002 0.2 0.2 0.184375 0.0
-1.6 1.4 0.2 0.2 0.215625 0.0
-1.4000000000000001 -1.6 0.2 0.2 0.30000000000000004 0.0
-1.4000000000000001 -1.4000000000000001 0.2 0.2 0.309375 0.0
-1.4000000000000001 -1.2000000000000002 0.2 0.2 0.31562500000000004 0.0
-1.4000000000000001 -1.0 0.2 0.2 0.31875000000000003 0.0
-1.4000000000000001 -0.8 0.2 0.2 0.325 0.0
-1.4000000000000001 -0.6000000000000001 0.2 0.2 0.325 0.0
-1.4000000000000001 -0.3999999999999999 0.2 0.2 0.309375 0.0
-1.4000000000000001 -0.19999999999999996 0.2 0.2 0.28437500000000004 0.0
-1.4000000000000001 0.0 0.2 0.2 0.25312500000000004 0.0
-1.4000000000000001 0.19999999999999996 0.2 0.2 0.22187500000000004 0.0
-1.4000000000000001 0.3999999999999999 0.2 0.2 0.19687500000000002 0.0
-1.4000000000000001 0.6000000000000001 0.2 0.2 0.17812500000000003 0.0
-1.4000000000000001 0.8000000000000003 0.2 0.2 0.175 0.0
-1.4000000000000001 1.0 0.2 0.2 0.18125000000000002 0.0
-1.4000000000000001 1.2000000000000002 0.2 0.2 0.2 0.0
-1.4000000000000001 1.4 0.2 0.2 0.22812500000000002 0.0
-1.2000000000000002 -1.6 0.2 0.2 0.3125 0.0
-1.2000000000000002 -1.4000000000000001 0.2 0.2 0.31562500000000004 0.0
-1.2000000000000002 -1.2000000000000002 0.2 0.2 0.31562500000000004 0.0
-1.2000000000000002 -1.0 0.2 0.2 0.31875000000000003 0.0
-1.2000000000000002 -0.8 0.2 0.2 0.325 0.0
-1.2000000000000002 -0.6000000000000001 0.2 0.2 0.33125000000000004 0.0
-1.2000000000000002 -0.3999999999999999 0.2 0.2 0.321875 0.0
-1.2000000000000002 -0.19999999999999996 0.2 0.2 0.296875 0.0
-1.2000000000000002 0.0 0.2 0.2 0.26875000000000004 0.0
-1.2000000000000002 0.19999999999999996 0.2 0.2 0.24062500000000003 0.0
-1.2000000000000002 0.3999999999999999 0.2 0.2 0.21875 0.0
-1.2000000000000002 0.6000000000000001 0.2 0.2 0.2 0.0
-1.2000000000000002 0.8000000000000003 0.2 0.2 0.19375000000000003 0.0
-1.2000000000000002 1.0 0.2 0.2 0.2 0.0
-1.2000000000000002 1.2000000000000002 0.2 0.2 0.21875 0.0
-1.2000000000000002 1.4 0.2 0.2 0.25 0.0
-1.0 -1.6 0.2 0.2 0.31875000000000003 0.0
-1.0 -1.4000000000000001 0.2 0.2 0.3125 0.0
-1.0 -1.2000000000000002 0.2 0.2 0.309375 0.0
-1.0 -1.0 0.2 0.2 0.309375 0.0
-1.0 -0.8 0.2 0.2 0.31562500000000004 0.0
-1.0 -0.6000000000000001 0.2 0.2 0.325 0.0
-1.0 -0.3999999999999999 0.2 0.2 0.31875000000000003 0.0
-1.0 -0.19999999999999996 0.2 0.2 0.30000000000000004 0.0
-1.0 0.0 0.2 0.2 0.278125 0.0
-1.0 0.19999999999999996 0.2 0.2 0.25312500000000004 0.0
-1.0 0.3999999999999999 0.2 0.2 0.23125 0.0
-1.0 0.6000000000000001 0.2 0.2 0.21875 0.0
-1.0 0.8000000000000003 0.2 0.2 0.21250000000000002 0.0
-1.0 1.0 0.2 0.2 0.21875 0.0
-1.0 1.2000000000000002 0.2 0.2 0.23750000000000004 0.0
-1.0 1.4 0.2 0.2 0.26875000000000004 0.0
-0.8 -1.6 0.2 0.2 0.31562500000000004 0.0
-0.8 -1.4000000000000001 0.2 0.2 0.30312500000000003 0.0
-0.8 -1.2000000000000002 0.2 0.2 0.29375 0.0
-0.8 -1.0 0.2 0.2 0.290625 0.0
-0.8 -0.8 0.2 0.2 0.29375 0.0
-0.8 -0.6000000000000001 0.2 0.2 0.30625 0.0
-0.8 -0.3999999999999999 0.2 0.2 0.30312500000000003 0.0
-0.8 -0.19999999999999996 0.2 0.2 0.290625 0.0
-0.8 0.0 0.2 0.2 0.27187500000000003 0.0
-0.8 0.19999999999999996 0.2 0.2 0.25 0.0
-0.8 0.3999999999999999 0.2 0.2 0.234375 0.0
-0.8 0.6000000000000001 0.2 0.2 0.22500000000000003 0.0
-0.8 0.8000000000000003 0.2 0.2 0.22500000000000003 0.0
-0.8 1.0 0.2 0.2 0.234375 0.0
-0.8 1.2000000000000002 0.2 0.2 0.25312500000000004 0.0
-0.8 1.4 0.2 0.2 0.28437500000000004 0.0
-0.6000000000000001 -1.6 0.2 0.2 0.30312500000000003 0.0
-0.6000000000000001 -1.4000000000000001 0.2 0.2 0.28437500000000004 0.0
-0.6000000000000001 -1.2000000000000002 0.2 0.2 0.26875000000000004 0.0
-0.6000000000000001 -1.0 0.2 0.2 0.259375 0.0
-0.6000000000000001 -0.8 0.2 0.2 0.2625 0.0
-0.6000000000000001 -0.6000000000000001 0.2 0.2 0.27187500000000003 0.0
-0.6000000000000001 -0.3999999999999999 0.2 0.2 0.27187500000000003 0.0
-0.6000000000000001 -0.19999999999999996 0.2 0.2 0.2625 0.0
-0.6000000000000001 0.0 0.2 0.2 0.246875 0.0
-0.6000000000000001 0.19999999999999996 0.2 0.2 0.234375 0.0
-0.6000000000000001 0.3999999999999999 0.2 0.2 0.22187500000000004 0.0
-0.6000000000000001 0.6000000000000001 0.2 0.2 0.21875 0.0
-0.6000000000000001 0.8000000000000003 0.2 0.2 0.22187500000000004 0.0
-0.6000000000000001 1.0 0.2 0.2 0.23750000000000004 0.0
-0.6000000000000001 1.2000000000000002 0.2 0.2 0.259375 0.0
-0.6000000000000001 1.4 0.2 0.2 0.290625 0.0
-0.3999999999999999 -1.6 0.2 0.2 0.29375 0.0
-0.3999999999999999 -1.4000000000000001 0.2 0.2 0.26875000000000004 0.0
-0.3999999999999999 -1.2000000000000002 0.2 0.2 0.246875 0.0
-0.3999999999999999 -1.0 0.2 0.2 0.23125 0.0
-0.3999999999999999 -0.8 0.2 0.2 0.23125 0.0
-0.3999999999999999 -0.6000000000000001 0.2 0.2 0.23750000000000004 0.0
-0.3999999999999999 -0.3999999999999999 0.2 0.2 0.23750000000000004 0.0
-0.3999999999999999 -0.19999999999999996 0.2 0.2 0.22812500000000002 0.0
-0.3999999999999999 0.0 0.2 0.2 0.215625 0.0
-0.3999999999999999 0.19999999999999996 0.2 0.2 0.20625000000000004 0.0
-0.3999999999999999 0.3999999999999999 0.2 0.2 0.2 0.0
-0.3999999999999999 0.6000000000000001 0.2 0.2 0.2 0.0
-0.3999999999999999 0.8000000000000003 0.2 0.2 0.20937500000000003 0.0
-0.3999999999999999 1.0 0.2 0.2 0.22500000000000003 0.0
-0.3999999999999999 1.2000000000000002 0.2 0.2 0.25 0.0
-0.3999999999999999 1.4 0.2 0.2 0.28125 0.0
-0.19999999999999996 -1.6 0.2 0.2 0.28750000000000003 0.0
-0.19999999999999996 -1.4000000000000001 0.2 0.2 0.259375 0.0
-0.19999999999999996 -1.2000000000000002 0.2 0.2 0.23125 0.0
-0.19999999999999996 -1.0 0.2 0.2 0.21250000000000002 0.0
-0.19999999999999996 -0.8 0.2 0.2 0.20625000000000004 0.0
-0.19999999999999996 -0.6000000000000001 0.2 0.2 0.20937500000000003 0.0
-0.19999999999999996 -0.3999999999999999 0.2 0.2 0.203125 0.0
-0.19999999999999996 -0.19999999999999996 0.2 0.2 0.184375 0.0
-0.19999999999999996 0.0 0.2 0.2 0.17812500000000003 0.0
-0.19999999999999996 0.19999999999999996 0.2 0.2 0.175 0.0
-0.19999999999999996 0.3999999999999999 0.2 0.2 0.171875 0.0
-0.19999999999999996 0.6000000000000001 0.2 0.2 0.175 0.0
-0.19999999999999996 0.8000000000000003 0.2 0.2 0.1875 0.0
-0.19999999999999996 1.0 0.2 0.2 0.20625000000000004 0.0
-0.19999999999999996 1.2000000000000002 0.2 0.2 0.234375 0.0
-0.19999999999999996 1.4 0.2 0.2 0.265625 0.0
0.0 -1.6 0.2 0.2 0.290625 0.0
0.0 -1.4000000000000001 0.2 0.2 0.259375 0.0
0.0 -1.2000000000000002 0.2 0.2 0.22812500000000002 0.0
0.0 -1.0 0.2 0.2 0.203125 0.0
0.0 -0.8 0.2 0.2 0.19062500000000004 0.0
0.0 -0.6000000000000001 0.2 0.2 0.1875 0.0
0.0 -0.3999999999999999 0.2 0.2 0.17812500000000003 0.0
0.0 -0.19999999999999996 0.2 0.2 0.16875 0.0
0.0 0.0 0.2 0.2 0.16250000000000003 0.0
0.0 0.19999999999999996 0.2 0.2 0.14375 0.0
0.0 0.3999999999999999 0.2 0.2 0.14375 0.0
0.0 0.6000000000000001 0.2 0.2 0.15000000000000002 0.0
0.0 0.8000000000000003 0.2 0.2 0.16562500000000002 0.0
0.0 1.0 0.2 0.2 0.1875 0.0
0.0 1.2000000000000002 0.2 0.2 0.215625 0.0
0.0 1.4 0.2 0.2 0.246875 0.0
0.19999999999999996 -1.6 0.2 0.2 0.30000000000000004 0.0
0.19999999999999996 -1.4000000000000001 0.2 0.2 0.26875000000000004 0.0
0.19999999999999996 -1.2000000000000002 0.2 0.2 0.234375 0.0
0.19999999999999996 -1.0 0.2 0.2 0.20625000000000004 0.0
0.19999999999999996 -0.8 0.2 0.2 0.184375 0.0
0.19999999999999996 -0.6000000000000001 0.2 0.2 0.17812500000000003 0.0
0.19999999999999996 -0.3999999999999999 0.2 0.2 0.16250000000000003 0.0
0.19999999999999996 -0.19999999999999996 0.2 0.2 0.14375 0.0
0.19999999999999996 0.0 0.2 0.2 0.13125 0.0
0.19999999999999996 0.19999999999999996 0.2 0.2 0.12187500000000001 0.0
0.19999999999999996 0.3999999999999999 0.2 0.2 0.12187500000000001 0.0
0.19999999999999996 0.6000000000000001 0.2 0.2 0.12812500000000002 0.0
0.19999999999999996 0.8000000000000003 0.2 0.2 0.14687500000000003 0.0
0.19999999999999996 1.0 0.2 0.2 0.171875 0.0
0.19999999999999996 1.2000000000000002 0.2 0.2 0.2 0.0
0.19999999999999996 1.4 0.2 0.2 0.22812500000000002 0.0
0.3999999999999999 -1.6 0.2 0.2 0.31875000000000003 0.0
0.3999999999999999 -1.4000000000000001 0.2 0.2 0.28750000000000003 0.0
0.3999999999999999 -1.2000000000000002 0.2 0.2 0.25312500000000004 0.0
0.3999999999999999 -1.0 0.2 0.2 0.21875 0.0
0.3999999999999999 -0.8 0.2 0.2 0.19375000000000003 0.0
0.3999999999999999 -0.6000000000000001 0.2 0.2 0.17812500000000003 0.0
0.3999999999999999 -0.3999999999999999 0.2 0.2 0.15625 0.0
0.3999999999999999 -0.19999999999999996 0.2 0.2 0.13437500000000002 0.0
0.3999999999999999 0.0 0.2 0.2 0.115625 0.0
0.3999999999999999 0.19999999999999996 0.2 0.2 0.10625000000000001 0.0
0.3999999999999999 0.3999999999999999 0.2 0.2 0.10625000000000001 0.0
0.3999999999999999 0.6000000000000001 0.2 0.2 0.115625 0.0
0.3999999999999999 0.8000000000000003 0.2 0.2 0.13437500000000002 0.0
0.3999999999999999 1.0 0.2 0.2 0.159375 0.0
0.3999999999999999 1.2000000000000002 0.2 0.2 0.19062500000000004 0.0
0.3999999999999999 1.4 0.2 0.2 0.215625 0.0
0.6000000000000001 -1.6 0.2 0.2 0.34375 0.0
0.6000000000000001 -1.4000000000000001 0.2 0.2 0.31562500000000004 0.0
0.6000000000000001 -1.2000000000000002 0.2 0.2 0.28125 0.0
0.6000000000000001 -1.0 0.2 0.2 0.24375000000000002 0.0
0.6000000000000001 -0.8 0.2 0.2 0.20937500000000003 0.0
0.6000000000000001 -0.6000000000000001 0.2 0.2 0.1875 0.0
0.6000000000000001 -0.3999999999999999 0.2 0.2 0.159375 0.0
0.6000000000000001 -0.19999999999999996 0.2 0.2 0.13437500000000002 0.0
0.6000000000000001 0.0 0.2 0.2 0.11250000000000002 0.0
0.6000000000000001 0.19999999999999996 0.2 0.2 0.1 0.0
0.6000000000000001 0.3999999999999999 0.2 0.2 0.1 0.0
0.6000000000000001 0.6000000000000001 0.2 0.2 0.109375 0.0
0.6000000000000001 0.8000000000000003 0.2 0.2 0.13125 0.0
0.6000000000000001 1.0 0.2 0.2 0.15625 0.0
0.6000000000000001 1.2000000000000002 0.2 0.2 0.1875 0.0
0.6000000000000001 1.4 0.2 0.2 0.21250000000000002 0.0
0.8000000000000003 -1.6 0.2 0.2 0.375 0.0
0.8000000000000003 -1.4000000000000001 0.2 0.2 0.34687500000000004 0.0
0.8000000000000003 -1.2000000000000002 0.2 0.2 0.3125 0.0
0.8000000000000003 -1.0 0.2 0.2 0.27187500000000003 0.0
0.8000000000000003 -0.8 0.2 0.2 0.234375 0.0
0.8000000000000003 -0.6000000000000001 0.2 0.2 0.20625000000000004 0.0
0.8000000000000003 -0.3999999999999999 0.2 0.2 0.171875 0.0
0.8000000000000003 -0.19999999999999996 0.2 0.2 0.14375 0.0
0.8000000000000003 0.0 0.2 0.2 0.11875000000000002 0.0
0.8000000000000003 0.19999999999999996 0.2 0.2 0.10625000000000001 0.0
0.8000000000000003 0.3999999999999999 0.2 0.2 0.10312500000000002 0.0
0.8000000000000003 0.6000000000000001 0.2 0.2 0.115625 0.0
0.8000000000000003 0.8000000000000003 0.2 0.2 0.1375 0.0
0.8000000000000003 1.0 0.2 0.2 0.16562500000000002 0.0
0.8000000000000003 1.2000000000000002 0.2 0.2 0.19375000000000003 0.0
0.8000000000000003 1.4 0.2 0.2 0.21875 0.0
1.0 -1.6 0.2 0.2 0.40625 0.0
1.0 -1.4000000000000001 0.2 0.2 0.38125 0.0
1.0 -1.2000000000000002 0.2 0.2 0.34687500000000004 0.0
1.0 -1.0 0.2 0.2 0.30312500000000003 0.0
1.0 -0.8 0.2 0.2 0.2625 0.0
1.0 -0.6000000000000001 0.2 0.2 0.22812500000000002 0.0
1.0 -0.3999999999999999 0.2 0.2 0.19062500000000004 0.0
1.0 -0.19999999999999996 0.2 0.2 0.15625 0.0
1.0 0.0 0.2 0.2 0.13125 0.0
1.0 0.19999999999999996 0.2 0.2 0.11875000000000002 0.0
1.0 0.3999999999999999 0.2 0.2 0.115625 0.0
1.0 0.6000000000000001 0.2 0.2 0.12812500000000002 0.0
1.0 0.8000000000000003 0.2 0.2 0.15000000000000002 0.0
1.0 1.0 0.2 0.2 0.18125000000000002 0.0
1.0 1.2000000000000002 0.2 0.2 0.20937500000000003 0.0
1.0 1.4 0.2 0.2 0.23125 0.0
1.2000000000000002 -1.6 0.2 0.2 0.43437500000000007 0.0
1.2000000000000002 -1.4000000000000001 0.2 0.2 0.40937500000000004 0.0
1.2000000000000002 -1.2000000000000002 0.2 0.2 0.375 0.0
1.2000000000000002 -1.0 0.2 0.2 0.33125000000000004 0.0
1.2000000000000002 -0.8 0.2 0.2 0.28750000000000003 0.0
1.2000000000000002 -0.6000000000000001 0.2 0.2 0.25 0.0
1.2000000000000002 -0.3999999999999999 0.2 0.2 0.20937500000000003 0.0
1.2000000000000002 -0.19999999999999996 0.2 0.2 0.175 0.0
1.2000000000000002 0.0 0.2 0.2 0.15000000000000002 0.0
1.2000000000000002 0.19999999999999996 0.2 0.2 0.13437500000000002 0.0
1.2000000000000002 0.3999999999999999 0.2 0.2 0.13437500000000002 0.0
1.2000000000000002 0.6000000000000001 0.2 0.2 0.15000000000000002 0.0
1.2000000000000002 0.8000000000000003 0.2 0.2 0.175 0.0
1.2000000000000002 1.0 0.2 0.2 0.20625000000000004 0.0
1.2000000000000002 1.2000000000000002 0.2 0.2 0.234375 0.0
1.2000000000000002 1.4 0.2 0.2 0.25625000000000003 0.0
1.4 -1.6 0.2 0.2 0.453125 0.0
1.4 -1.4000000000000001 0.2 0.2 0.428125 0.0
1.4 -1.2000000000000002 0.2 0.2 0.390625 0.0
1.4 -1.0 0.2 0.2 0.34687500000000004 0.0
1.4 -0.8 0.2 0.2 0.30312500000000003 0.0
1.4 -0.6000000000000001 0.2 0.2 0.2625 0.0
1.4 -0.3999999999999999 0.2 0.2 0.22187500000000004 0.0
1.4 -0.19999999999999996 0.2 0.2 0.1875 0.0
1.4 0.0 0.2 0.2 0.16562500000000002 0.0
1.4 0.19999999999999996 0.2 0.2 0.153125 0.0
1.4 0.3999999999999999 0.2 0.2 0.15625 0.0
1.4 0.6000000000000001 0.2 0.2 0.175 0.0
1.4 0.8000000000000003 0.2 0.2 0.203125 0.0
1.4 1.0 0.2 0.2 0.234375 0.0
1.4 1.2000000000000002 0.2 0.2 0.265625 0.0
1.4 1.4 0.2 0.2 0.290625 0.0
-0.78347 0.93154 0.17697 0.08519 0.08519 0.08519 0.0 0 0 1 18.03257
-0.00748 -0.34311 0.15822 0.11019 0.11019 0.11019 0.0 0 0 1 1.6787
-0.6208 -0.91317 0.27358499999999997 0.15967 0.15967 0.15967 0.0 0 0 1 12.17295
-1.10877 -0.49464 0.26849500000000004 0.07449 0.07449 0.07449 0.0 0 0 1 35.14404
-0.80289 -0.08895 0.23078 0.06156 0.06156 0.06156 0.0 0 0 1 31.40721
-0.47477 -0.60961 0.278335 0.16917 0.16917 0.16917 0.0 0 0 1 73.70839
0.40163 0.55777 0.10558500000000001 0.16742 0.16742 0.16742 0.0 0 0 1 35.46439
-1.14621 -1.09085 0.24793000000000007 0.06461 0.06461 0.06461 0.0 0 0 1 26.87826
1.05887 0.21129 0.07314000000000001 0.10878 0.10878 0.10878 0.0 0 0 1 43.15791
0.08019 -0.8036 0.13230999999999998 0.05837 0.05837 0.05837 0.0 0 0 1 24.73982
-0.48088 -1.0704 0.27712000000000003 0.16674 0.16674 0.16674 0.0 0 0 1 21.73853
0.80135 -0.7103 0.19526999999999997 0.12179 0.12179 0.12179 0.0 0 0 1 32.56439
0.87239 -1.13255 0.25971500000000003 0.09443 0.09443 0.09443 0.0 0 0 1 63.27386
-1.01046 0.31411 0.23011500000000004 0.15398 0.15398 0.15398 0.0 0 0 1 52.82049
1.35873 0.74342 0.15594 0.16188 0.16188 0.16188 0.0 0 0 1 62.97878
0.23023 -0.37978 0.12688000000000002 0.09751 0.09751 0.09751 0.0 0 0 1 81.66879
-1.24181 -0.33491 0.27434000000000003 0.10493 0.10493 0.10493 0.0 0 0 1 87.61446
0.01816 1.14784 0.17368999999999998 0.11613 0.11613 0.11613 0.0 0 0 1 31.16428
1.23709 -0.70607 0.2586900000000001 0.14238 0.14238 0.14238 0.0 0 0 1 60.24773
0.89024 0.71843 0.11212000000000003 0.14924 0.14924 0.14924 0.0 0 0 1 8.07492
0.49519 0.20975 0.09878500000000001 0.15382 0.15382 0.15382 0.0 0 0 1 63.09491
-1.10512 0.73904 0.127605 0.05521 0.05521 0.05521 0.0 0 0 1 37.20892
-0.61148 -0.31069 0.23539500000000005 0.06454 0.06454 0.06454 0.0 0 0 1 17.04936
0.93661 -0.85069 0.29735 0.18845 0.18845 0.18845 0.0 0 0 1 5.74798
-0.68523 0.96075 0.168675 0.0686 0.0686 0.0686 0.0 0 0 1 17.32968
-0.08817 -1.20785 0.261525 0.18555 0.18555 0.18555 0.0 0 0 1 43.07722
-0.23154 1.19467 0.2058 0.1116 0.1116 0.1116 0.0 0 0 1 29.27134
0.58715 -0.16525 0.14364999999999997 0.1998 0.1998 0.1998 0.0 0 0 1 21.91594
1.10247 0.4675 0.04933499999999999 0.06742 0.06742 0.06742 0.0 0 0 1 12.15847
-0.85482 0.84344 0.20573500000000003 0.16147 0.16147 0.16147 0.0 0 0 1 14.63934
-0.24988 0.41156 0.157145 0.11429 0.11429 0.11429 0.0 0 0 1 67.70063
-0.65106 -0.21265 0.302895 0.16829 0.16829 0.16829 0.0 0 0 1 54.50562
0.01779 0.63638 0.12284499999999998 0.09569 0.09569 0.09569 0.0 0 0 1 47.73529
0.92268 -0.30924 0.09772 0.05169 0.05169 0.05169 0.0 0 0 1 67.87789
0.49044 1.10056 0.16079500000000005 0.14034 0.14034 0.14034 0.0 0 0 1 45.88497
-1.30917 0.83954 0.19236000000000006 0.19722 0.19722 0.19722 0.0 0 0 1 64.39913
-1.05338 -0.33107 0.28827500000000006 0.1328 0.1328 0.1328 0.0 0 0 1 30.98663
-1.327 -0.52869 0.3043450000000001 0.14619 0.14619 0.14619 0.0 0 0 1 82.16899
0.78508 -0.18333 0.09014999999999998 0.0928 0.0928 0.0928 0.0 0 0 1 48.1664
0.23202 -0.75233 0.11741000000000004 0.05357 0.05357 0.05357 0.0 0 0 1 7.73577
0.44373 -0.25222 0.15602000000000002 0.18704 0.18704 0.18704 0.0 0 0 1 28.9711
0.73177 -0.88325 0.23093500000000003 0.11812 0.11812 0.11812 0.0 0 0 1 67.90853
1.09974 -0.96265 0.31459500000000007 0.16669 0.16669 0.16669 0.0 0 0 1 55.49339
0.31943 -0.27006 0.15221000000000004 0.14817 0.14817 0.14817 0.0 0 0 1 23.88383
1.09824 0.63266 0.142275 0.18455 0.18455 0.18455 0.0 0 0 1 59.48383
1.2275 0.74608 0.17047500000000002 0.19095 0.19095 0.19095 0.0 0 0 1 43.45052
-0.98572 0.20167 0.25187500000000007 0.1975 0.1975 0.1975 0.0 0 0 1 3.88587
-1.10304 -0.03287 0.2832450000000001 0.16649 0.16649 0.16649 0.0 0 0 1 40.96758
-1.12171 0.57409 0.2028 0.1431 0.1431 0.1431 0.0 0 0 1 77.04341
0.08654 -0.35352 0.19003499999999998 0.17382 0.17382 0.17382 0.0 0 0 1 29.81926
-0.82516 0.00449 0.28666 0.02957 0.02957 0.02957 1000 0 0 1 18.91517
0.64491 -0.85418 0.23110500000000003 0.04346 0.04346 0.04346 1000 0 0 1 67.57976
0.00864 -0.79512 0.20611000000000004 0.03097 0.03097 0.03097 1000 0 0 1 25.87529
-0.38917 0.47409 0.21198 0.02396 0.02396 0.02396 1000 0 0 1 23.87411
-0.84722 -0.2032 0.305265 0.02928 0.02928 0.02928 1000 0 0 1 39.50913
-0.80399 0.19025 0.262255 0.02451 0.02451 0.02451 1000 0 0 1 68.44772
-0.45656 -0.20938 0.24810500000000002 0.03996 0.03996 0.03996 1000 0 0 1 84.65015
-0.61483 -0.03358 0.25768 0.02161 0.02161 0.02161 1000 0 0 1 1.81003
0.16792 -0.81829 0.20686500000000002 0.04498 0.04498 0.04498 1000 0 0 1 3.44393
0.64579 0.36959 0.1215 0.043 0.043 0.043 1000 0 0 1 21.69936
0.38283 0.37467 0.12826 0.04402 0.04402 0.04402 1000 0 0 1 59.5694
0.19237 -0.58861 0.19525500000000004 0.03426 0.03426 0.03426 1000 0 0 1 62.39709
-0.41221 -0.16462 0.248705 0.04116 0.04116 0.04116 1000 0 0 1 69.88805
-0.5603 0.20137 0.258695 0.04864 0.04864 0.04864 1000 0 0 1 39.21331
0.20603 0.35536 0.13889500000000002 0.03404 0.03404 0.03404 1000 0 0 1 75.96662
0.65853 0.17921 0.11131 0.02262 0.02262 0.02262 1000 0 0 1 26.05262
-0.35365 -0.00965 0.2378 0.04435 0.04435 0.04435 1000 0 0 1 80.95779
-0.264 0.54861 0.18642999999999998 0.02286 0.02286 0.02286 1000 0 0 1 46.10004
-0.35347 -0.63163 0.25220500000000007 0.02941 0.02941 0.02941 1000 0 0 1 8.6855
-0.00574 -0.57221 0.206245 0.03749 0.03749 0.03749 1000 0 0 1 32.82149
-0.7622 -0.80103 0.31403000000000003 0.04056 0.04056 0.04056 1000 0 0 1 4.39697
-0.3848 -0.41607 0.26134 0.04768 0.04768 0.04768 1000 0 0 1 84.91333
-0.14279 0.35741 0.18696 0.03017 0.03017 0.03017 1000 0 0 1 21.48372
-0.26985 -0.66136 0.22119000000000003 0.02363 0.02363 0.02363 1000 0 0 1 86.84677
-0.61241 -0.4444 0.28843500000000005 0.03312 0.03312 0.03312 1000 0 0 1 47.08174
-0.80577 0.33306 0.24889 0.02903 0.02903 0.02903 1000 0 0 1 55.85407
0.42314 -0.56752 0.19456000000000004 0.03287 0.03287 0.03287 1000 0 0 1 25.20271
-0.76194 -0.54835 0.32693500000000003 0.04137 0.04137 0.04137 1000 0 0 1 46.07586
0.46917 -0.13469 0.14644500000000002 0.02414 0.02414 0.02414 1000 0 0 1 17.39202
0.65724 0.64389 0.129545 0.04034 0.04034 0.04034 1000 0 0 1 63.16599
0.03406 0.55883 0.17082500000000003 0.04165 0.04165 0.04165 1000 0 0 1 70.43051
-0.80012 -0.53353 0.31756 0.02262 0.02262 0.02262 1000 0 0 1 78.00985
0.61545 -0.76973 0.22423000000000004 0.02971 0.02971 0.02971 1000 0 0 1 71.36719
-0.47249 -0.13563 0.23845500000000003 0.02066 0.02066 0.02066 1000 0 0 1 38.61746
0.24708 0.43191 0.14382 0.04389 0.04389 0.04389 1000 0 0 1 84.93625
-0.83969 -0.63118 0.318755 0.02501 0.02501 0.02501 1000 0 0 1 39.08178
-0.35276 0.13704 0.21924500000000005 0.02599 0.02599 0.02599 1000 0 0 1 39.57431
-0.54433 0.26516 0.246505 0.02426 0.02426 0.02426 1000 0 0 1 75.09685
0.34701 -0.65022 0.19616000000000003 0.03607 0.03607 0.03607 1000 0 0 1 19.36927
-0.3658 0.58524 0.21235 0.0247 0.0247 0.0247 1000 0 0 1 8.04423
0.15019 -0.77516 0.20374 0.03873 0.03873 0.03873 1000 0 0 1 44.82207
-0.05233 0.60082 0.16673500000000002 0.03347 0.03347 0.03347 1000 0 0 1 74.70123
-0.43889 0.32851 0.212155 0.02431 0.02431 0.02431 1000 0 0 1 1.61521
0.15824 -0.54771 0.19883500000000004 0.04142 0.04142 0.04142 1000 0 0 1 48.09226
-0.6273 -0.74461 0.282005 0.03901 0.03901 0.03901 1000 0 0 1 33.27528
-0.02485 -0.46291 0.19287000000000004 0.02949 0.02949 0.02949 1000 0 0 1 24.15012
0.45979 -0.73571 0.20878000000000002 0.03006 0.03006 0.03006 1000 0 0 1 20.2555
-0.79782 -0.39166 0.324765 0.04328 0.04328 0.04328 1000 0 0 1 4.51579
-0.24799 -0.35199 0.227545 0.04884 0.04884 0.04884 1000 0 0 1 50.21815
-0.25884 -0.55485 0.22746500000000003 0.03618 0.03618 0.03618 1000 0 0 1 25.62836
