-1.6 -1.6 0.2 0.2 0.146875 0.0
-1.6 -1.4000000000000001 0.2 0.2 0.165625 0.0
-1.6 -1.2000000000000002 0.2 0.2 0.196875 0.0
-1.6 -1.0 0.2 0.2 0.23750000000000002 0.0
-1.6 -0.8 0.2 0.2 0.27812500000000007 0.0
-1.6 -0.6000000000000001 0.2 0.2 0.31875 0.0
-1.6 -0.3999999999999999 0.2 0.2 0.36875 0.0
-1.6 -0.19999999999999996 0.2 0.2 0.41875000000000007 0.0
-1.6 0.0 0.2 0.2 0.4593750000000001 0.0
-1.6 0.19999999999999996 0.2 0.2 0.4843750000000001 0.0
-1.6 0.3999999999999999 0.2 0.2 0.48750000000000004 0.0
-1.6 0.6000000000000001 0.2 0.2 0.4750000000000001 0.0
-1.6 0.8000000000000003 0.2 0.2 0.4437500000000001 0.0
-1.6 1.0 0.2 0.2 0.40312500000000007 0.0
-1.6 1.2000000000000002 0.2 0.2 0.35625000000000007 0.0
-1.6 1.4 0.2 0.2 0.31562500000000004 0.0
-1.4000000000000001 -1.6 0.2 0.2 0.13125 0.0
-1.4000000000000001 -1.4000000000000001 0.2 0.2 0.15312499999999998 0.0
-1.4000000000000001 -1.2000000000000002 0.2 0.2 0.18750000000000003 0.0
-1.4000000000000001 -1.0 0.2 0.2 0.23125000000000004 0.0
-1.4000000000000001 -0.8 0.2 0.2 0.275 0.0
-1.4000000000000001 -0.6000000000000001 0.2 0.2 0.31562500000000004 0.0
-1.4000000000000001 -0.3999999999999999 0.2 0.2 0.365625 0.0
-1.4000000000000001 -0.19999999999999996 0.2 0.2 0.415625 0.0
-1.4000000000000001 0.0 0.2 0.2 0.453125 0.0
-1.4000000000000001 0.19999999999999996 0.2 0.2 0.478125 0.0
-1.4000000000000001 0.3999999999999999 0.2 0.2 0.4843750000000001 0.0
-1.4000000000000001 0.6000000000000001 0.2 0.2 0.47187500000000004 0.0
-1.4000000000000001 0.8000000000000003 0.2 0.2 0.44062500000000004 0.0
-1.4000000000000001 1.0 0.2 0.2 0.4 0.0
-1.4000000000000001 1.2000000000000002 0.2 0.2 0.353125 0.0
-1.4000000000000001 1.4 0.2 0.2 0.31562500000000004 0.0
-1.2000000000000002 -1.6 0.2 0.2 0.115625 0.0
-1.2000000000000002 -1.4000000000000001 0.2 0.2 0.14062500000000003 0.0
-1.2000000000000002 -1.2000000000000002 0.2 0.2 0.178125 0.0
-1.2000000000000002 -1.0 0.2 0.2 0.22187500000000002 0.0
-1.2000000000000002 -0.8 0.2 0.2 0.26875000000000004 0.0
-1.2000000000000002 -0.6000000000000001 0.2 0.2 0.30937500000000007 0.0
-1.2000000000000002 -0.3999999999999999 0.2 0.2 0.359375 0.0
-1.2000000000000002 -0.19999999999999996 0.2 0.2 0.40625 0.0
-1.2000000000000002 0.0 0.2 0.2 0.446875 0.0
-1.2000000000000002 0.19999999999999996 0.2 0.2 0.4687500000000001 0.0
-1.2000000000000002 0.3999999999999999 0.2 0.2 0.4750000000000001 0.0
-1.2000000000000002 0.6000000000000001 0.2 0.2 0.4625 0.0
-1.2000000000000002 0.8000000000000003 0.2 0.2 0.43125 0.0
-1.2000000000000002 1.0 0.2 0.2 0.390625 0.0
-1.2000000000000002 1.2000000000000002 0.2 0.2 0.34687500000000004 0.0
-1.2000000000000002 1.4 0.2 0.2 0.30625 0.0
-1.0 -1.6 0.2 0.2 0.109375 0.0
-1.0 -1.4000000000000001 0.2 0.2 0.134375 0.0
-1.0 -1.2000000000000002 0.2 0.2 0.17187500000000003 0.0
-1.0 -1.0 0.2 0.2 0.21562500000000004 0.0
-1.0 -0.8 0.2 0.2 0.259375 0.0
-1.0 -0.6000000000000001 0.2 0.2 0.303125 0.0
-1.0 -0.3999999999999999 0.2 0.2 0.35 0.0
-1.0 -0.19999999999999996 0.2 0.2 0.4 0.0
-1.0 0.0 0.2 0.2 0.4375 0.0
-1.0 0.19999999999999996 0.2 0.2 0.4593750000000001 0.0
-1.0 0.3999999999999999 0.2 0.2 0.4625 0.0
-1.0 0.6000000000000001 0.2 0.2 0.45000000000000007 0.0
-1.0 0.8000000000000003 0.2 0.2 0.41875000000000007 0.0
-1.0 1.0 0.2 0.2 0.375 0.0
-1.0 1.2000000000000002 0.2 0.2 0.33125000000000004 0.0
-1.0 1.4 0.2 0.2 0.29375000000000007 0.0
-0.8 -1.6 0.2 0.2 0.109375 0.0
-0.8 -1.4000000000000001 0.2 0.2 0.13125 0.0
-0.8 -1.2000000000000002 0.2 0.2 0.165625 0.0
-0.8 -1.0 0.2 0.2 0.209375 0.0
-0.8 -0.8 0.2 0.2 0.25625 0.0
-0.8 -0.6000000000000001 0.2 0.2 0.296875 0.0
-0.8 -0.3999999999999999 0.2 0.2 0.34375 0.0
-0.8 -0.19999999999999996 0.2 0.2 0.390625 0.0
-0.8 0.0 0.2 0.2 0.4281250000000001 0.0
-0.8 0.19999999999999996 0.2 0.2 0.446875 0.0
-0.8 0.3999999999999999 0.2 0.2 0.45000000000000007 0.0
-0.8 0.6000000000000001 0.2 0.2 0.43437500000000007 0.0
-0.8 0.8000000000000003 0.2 0.2 0.4 0.0
-0.8 1.0 0.2 0.2 0.359375 0.0
-0.8 1.2000000000000002 0.2 0.2 0.3125 0.0
-0.8 1.4 0.2 0.2 0.275 0.0
-0.6000000000000001 -1.6 0.2 0.2 0.115625 0.0
-0.6000000000000001 -1.4000000000000001 0.2 0.2 0.134375 0.0
-0.6000000000000001 -1.2000000000000002 0.2 0.2 0.165625 0.0
-0.6000000000000001 -1.0 0.2 0.2 0.20625000000000002 0.0
-0.6000000000000001 -0.8 0.2 0.2 0.25 0.0
-0.6000000000000001 -0.6000000000000001 0.2 0.2 0.290625 0.0
-0.6000000000000001 -0.3999999999999999 0.2 0.2 0.3375 0.0
-0.6000000000000001 -0.19999999999999996 0.2 0.2 0.384375 0.0
-0.6000000000000001 0.0 0.2 0.2 0.41875000000000007 0.0
-0.6000000000000001 0.19999999999999996 0.2 0.2 0.4375 0.0
-0.6000000000000001 0.3999999999999999 0.2 0.2 0.4375 0.0
-0.6000000000000001 0.6000000000000001 0.2 0.2 0.41875000000000007 0.0
-0.6000000000000001 0.8000000000000003 0.2 0.2 0.384375 0.0
-0.6000000000000001 1.0 0.2 0.2 0.34062500000000007 0.0
-0.6000000000000001 1.2000000000000002 0.2 0.2 0.29375000000000007 0.0
-0.6000000000000001 1.4 0.2 0.2 0.25625 0.0
-0.3999999999999999 -1.6 0.2 0.2 0.12187499999999998 0.0
-0.3999999999999999 -1.4000000000000001 0.2 0.2 0.134375 0.0
-0.3999999999999999 -1.2000000000000002 0.2 0.2 0.1625 0.0
-0.3999999999999999 -1.0 0.2 0.2 0.20000000000000004 0.0
-0.3999999999999999 -0.8 0.2 0.2 0.240625 0.0
-0.3999999999999999 -0.6000000000000001 0.2 0.2 0.28125 0.0
-0.3999999999999999 -0.3999999999999999 0.2 0.2 0.328125 0.0
-0.3999999999999999 -0.19999999999999996 0.2 0.2 0.37187500000000007 0.0
-0.3999999999999999 0.0 0.2 0.2 0.40625 0.0
-0.3999999999999999 0.19999999999999996 0.2 0.2 0.42500000000000004 0.0
-0.3999999999999999 0.3999999999999999 0.2 0.2 0.42500000000000004 0.0
-0.3999999999999999 0.6000000000000001 0.2 0.2 0.40937500000000004 0.0
-0.3999999999999999 0.8000000000000003 0.2 0.2 0.375 0.0
-0.3999999999999999 1.0 0.2 0.2 0.334375 0.0
-0.3999999999999999 1.2000000000000002 0.2 0.2 0.2875 0.0
-0.3999999999999999 1.4 0.2 0.2 0.25 0.0
-0.19999999999999996 -1.6 0.2 0.2 0.12500000000000003 0.0
-0.19999999999999996 -1.4000000000000001 0.2 0.2 0.13125 0.0
-0.19999999999999996 -1.2000000000000002 0.2 0.2 0.15312499999999998 0.0
-0.19999999999999996 -1.0 0.2 0.2 0.18750000000000003 0.0
-0.19999999999999996 -0.8 0.2 0.2 0.228125 0.0
-0.19999999999999996 -0.6000000000000001 0.2 0.2 0.26875000000000004 0.0
-0.19999999999999996 -0.3999999999999999 0.2 0.2 0.31562500000000004 0.0
-0.19999999999999996 -0.19999999999999996 0.2 0.2 0.365625 0.0
-0.19999999999999996 0.0 0.2 0.2 0.384375 0.0
-0.19999999999999996 0.19999999999999996 0.2 0.2 0.415625 0.0
-0.19999999999999996 0.3999999999999999 0.2 0.2 0.41875000000000007 0.0
-0.19999999999999996 0.6000000000000001 0.2 0.2 0.40625 0.0
-0.19999999999999996 0.8000000000000003 0.2 0.2 0.375 0.0
-0.19999999999999996 1.0 0.2 0.2 0.334375 0.0
-0.19999999999999996 1.2000000000000002 0.2 0.2 0.290625 0.0
-0.19999999999999996 1.4 0.2 0.2 0.25625 0.0
0.0 -1.6 0.2 0.2 0.12500000000000003 0.0
0.0 -1.4000000000000001 0.2 0.2 0.12812500000000002 0.0
0.0 -1.2000000000000002 0.2 0.2 0.146875 0.0
0.0 -1.0 0.2 0.2 0.178125 0.0
0.0 -0.8 0.2 0.2 0.21562500000000004 0.0
0.0 -0.6000000000000001 0.2 0.2 0.25625 0.0
0.0 -0.3999999999999999 0.2 0.2 0.303125 0.0
0.0 -0.19999999999999996 0.2 0.2 0.359375 0.0
0.0 0.0 0.2 0.2 0.3812500000000001 0.0
0.0 0.19999999999999996 0.2 0.2 0.40937500000000004 0.0
0.0 0.3999999999999999 0.2 0.2 0.415625 0.0
0.0 0.6000000000000001 0.2 0.2 0.40625 0.0
0.0 0.8000000000000003 0.2 0.2 0.37812500000000004 0.0
0.0 1.0 0.2 0.2 0.34375 0.0
0.0 1.2000000000000002 0.2 0.2 0.303125 0.0
0.0 1.4 0.2 0.2 0.26875000000000004 0.0
0.19999999999999996 -1.6 0.2 0.2 0.12187499999999998 0.0
0.19999999999999996 -1.4000000000000001 0.2 0.2 0.12187499999999998 0.0
0.19999999999999996 -1.2000000000000002 0.2 0.2 0.14062500000000003 0.0
0.19999999999999996 -1.0 0.2 0.2 0.16875000000000004 0.0
0.19999999999999996 -0.8 0.2 0.2 0.20625000000000002 0.0
0.19999999999999996 -0.6000000000000001 0.2 0.2 0.24687500000000004 0.0
0.19999999999999996 -0.3999999999999999 0.2 0.2 0.29375000000000007 0.0
0.19999999999999996 -0.19999999999999996 0.2 0.2 0.34062500000000007 0.0
0.19999999999999996 0.0 0.2 0.2 0.3812500000000001 0.0
0.19999999999999996 0.19999999999999996 0.2 0.2 0.40625 0.0
0.19999999999999996 0.3999999999999999 0.2 0.2 0.415625 0.0
0.19999999999999996 0.6000000000000001 0.2 0.2 0.40625 0.0
0.19999999999999996 0.8000000000000003 0.2 0.2 0.384375 0.0
0.19999999999999996 1.0 0.2 0.2 0.353125 0.0
0.19999999999999996 1.2000000000000002 0.2 0.2 0.31562500000000004 0.0
0.19999999999999996 1.4 0.2 0.2 0.28437500000000004 0.0
0.3999999999999999 -1.6 0.2 0.2 0.11875 0.0
0.3999999999999999 -1.4000000000000001 0.2 0.2 0.11875 0.0
0.3999999999999999 -1.2000000000000002 0.2 0.2 0.13749999999999998 0.0
0.3999999999999999 -1.0 0.2 0.2 0.165625 0.0
0.3999999999999999 -0.8 0.2 0.2 0.20312500000000003 0.0
0.3999999999999999 -0.6000000000000001 0.2 0.2 0.240625 0.0
0.3999999999999999 -0.3999999999999999 0.2 0.2 0.2875 0.0
0.3999999999999999 -0.19999999999999996 0.2 0.2 0.3375 0.0
0.3999999999999999 0.0 0.2 0.2 0.37812500000000004 0.0
0.3999999999999999 0.19999999999999996 0.2 0.2 0.40312500000000007 0.0
0.3999999999999999 0.3999999999999999 0.2 0.2 0.415625 0.0
0.3999999999999999 0.6000000000000001 0.2 0.2 0.40937500000000004 0.0
0.3999999999999999 0.8000000000000003 0.2 0.2 0.390625 0.0
0.3999999999999999 1.0 0.2 0.2 0.36250000000000004 0.0
0.3999999999999999 1.2000000000000002 0.2 0.2 0.328125 0.0
0.3999999999999999 1.4 0.2 0.2 0.296875 0.0
0.6000000000000001 -1.6 0.2 0.2 0.115625 0.0
0.6000000000000001 -1.4000000000000001 0.2 0.2 0.115625 0.0
0.6000000000000001 -1.2000000000000002 0.2 0.2 0.134375 0.0
0.6000000000000001 -1.0 0.2 0.2 0.165625 0.0
0.6000000000000001 -0.8 0.2 0.2 0.20312500000000003 0.0
0.6000000000000001 -0.6000000000000001 0.2 0.2 0.240625 0.0
0.6000000000000001 -0.3999999999999999 0.2 0.2 0.290625 0.0
0.6000000000000001 -0.19999999999999996 0.2 0.2 0.3375 0.0
0.6000000000000001 0.0 0.2 0.2 0.375 0.0
0.6000000000000001 0.19999999999999996 0.2 0.2 0.40312500000000007 0.0
0.6000000000000001 0.3999999999999999 0.2 0.2 0.415625 0.0
0.6000000000000001 0.6000000000000001 0.2 0.2 0.4125000000000001 0.0
0.6000000000000001 0.8000000000000003 0.2 0.2 0.3968750000000001 0.0
0.6000000000000001 1.0 0.2 0.2 0.36875 0.0
0.6000000000000001 1.2000000000000002 0.2 0.2 0.334375 0.0
0.6000000000000001 1.4 0.2 0.2 0.30625 0.0
0.8000000000000003 -1.6 0.2 0.2 0.109375 0.0
0.8000000000000003 -1.4000000000000001 0.2 0.2 0.115625 0.0
0.8000000000000003 -1.2000000000000002 0.2 0.2 0.13749999999999998 0.0
0.8000000000000003 -1.0 0.2 0.2 0.17187500000000003 0.0
0.8000000000000003 -0.8 0.2 0.2 0.209375 0.0
0.8000000000000003 -0.6000000000000001 0.2 0.2 0.25 0.0
0.8000000000000003 -0.3999999999999999 0.2 0.2 0.29375000000000007 0.0
0.8000000000000003 -0.19999999999999996 0.2 0.2 0.34062500000000007 0.0
0.8000000000000003 0.0 0.2 0.2 0.37812500000000004 0.0
0.8000000000000003 0.19999999999999996 0.2 0.2 0.40625 0.0
0.8000000000000003 0.3999999999999999 0.2 0.2 0.41875000000000007 0.0
0.8000000000000003 0.6000000000000001 0.2 0.2 0.4125000000000001 0.0
0.8000000000000003 0.8000000000000003 0.2 0.2 0.3968750000000001 0.0
0.8000000000000003 1.0 0.2 0.2 0.36875 0.0
0.8000000000000003 1.2000000000000002 0.2 0.2 0.3375 0.0
0.8000000000000003 1.4 0.2 0.2 0.3125 0.0
1.0 -1.6 0.2 0.2 0.103125 0.0
1.0 -1.4000000000000001 0.2 0.2 0.115625 0.0
1.0 -1.2000000000000002 0.2 0.2 0.14375000000000002 0.0
1.0 -1.0 0.2 0.2 0.18437500000000004 0.0
1.0 -0.8 0.2 0.2 0.22187500000000002 0.0
1.0 -0.6000000000000001 0.2 0.2 0.259375 0.0
1.0 -0.3999999999999999 0.2 0.2 0.303125 0.0
1.0 -0.19999999999999996 0.2 0.2 0.34687500000000004 0.0
1.0 0.0 0.2 0.2 0.384375 0.0
1.0 0.19999999999999996 0.2 0.2 0.40625 0.0
1.0 0.3999999999999999 0.2 0.2 0.415625 0.0
1.0 0.6000000000000001 0.2 0.2 0.4125000000000001 0.0
1.0 0.8000000000000003 0.2 0.2 0.39375000000000004 0.0
1.0 1.0 0.2 0.2 0.365625 0.0
1.0 1.2000000000000002 0.2 0.2 0.334375 0.0
1.0 1.4 0.2 0.2 0.30625 0.0
1.2000000000000002 -1.6 0.2 0.2 0.1 0.0
1.2000000000000002 -1.4000000000000001 0.2 0.2 0.12187499999999998 0.0
1.2000000000000002 -1.2000000000000002 0.2 0.2 0.15625000000000003 0.0
1.2000000000000002 -1.0 0.2 0.2 0.196875 0.0
1.2000000000000002 -0.8 0.2 0.2 0.23750000000000002 0.0
1.2000000000000002 -0.6000000000000001 0.2 0.2 0.275 0.0
1.2000000000000002 -0.3999999999999999 0.2 0.2 0.31875 0.0
1.2000000000000002 -0.19999999999999996 0.2 0.2 0.35625000000000007 0.0
1.2000000000000002 0.0 0.2 0.2 0.390625 0.0
1.2000000000000002 0.19999999999999996 0.2 0.2 0.40937500000000004 0.0
1.2000000000000002 0.3999999999999999 0.2 0.2 0.4125000000000001 0.0
1.2000000000000002 0.6000000000000001 0.2 0.2 0.40312500000000007 0.0
1.2000000000000002 0.8000000000000003 0.2 0.2 0.3812500000000001 0.0
1.2000000000000002 1.0 0.2 0.2 0.35 0.0
1.2000000000000002 1.2000000000000002 0.2 0.2 0.31875 0.0
1.2000000000000002 1.4 0.2 0.2 0.29375000000000007 0.0
1.4 -1.6 0.2 0.2 0.103125 0.0
1.4 -1.4000000000000001 0.2 0.2 0.12812500000000002 0.0
1.4 -1.2000000000000002 0.2 0.2 0.165625 0.0
1.4 -1.0 0.2 0.2 0.2125 0.0
1.4 -0.8 0.2 0.2 0.25625 0.0
1.4 -0.6000000000000001 0.2 0.2 0.290625 0.0
1.4 -0.3999999999999999 0.2 0.2 0.33125000000000004 0.0
1.4 -0.19999999999999996 0.2 0.2 0.365625 0.0
1.4 0.0 0.2 0.2 0.39375000000000004 0.0
1.4 0.19999999999999996 0.2 0.2 0.40625 0.0
1.4 0.3999999999999999 0.2 0.2 0.40625 0.0
1.4 0.6000000000000001 0.2 0.2 0.390625 0.0
1.4 0.8000000000000003 0.2 0.2 0.36250000000000004 0.0
1.4 1.0 0.2 0.2 0.328125 0.0
1.4 1.2000000000000002 0.2 0.2 0.29375000000000007 0.0
1.4 1.4 0.2 0.2 0.26875000000000004 0.0
-0.239 -0.70275 0.23860499999999998 0.11471 0.11471 0.11471 0.0 0 0 1 67.91895
1.39331 -0.25804 0.35004 0.18758 0.18758 0.18758 0.0 0 0 1 13.89952
-1.34662 0.14654 0.4235150000000001 0.09078 0.09078 0.09078 0.0 0 0 1 53.22572
-0.81158 -1.10188 0.09772500000000003 0.0517 0.0517 0.0517 0.0 0 0 1 22.06947
-1.04051 0.80584 0.43628500000000003 0.19132 0.19132 0.19132 0.0 0 0 1 5.15231
-0.16596 0.85571 0.3287 0.1074 0.1074 0.1074 0.0 0 0 1 65.72848
-0.00763 0.97092 0.33947000000000005 0.12269 0.12269 0.12269 0.0 0 0 1 37.08079
-0.40481 0.95763 0.31730500000000006 0.06586 0.06586 0.06586 0.0 0 0 1 37.50656
0.03305 1.12754 0.3453550000000001 0.18446 0.18446 0.18446 0.0 0 0 1 29.05699
1.10966 1.38902 0.3033 0.1316 0.1316 0.1316 0.0 0 0 1 67.05977
-0.16646 -1.37671 0.09974999999999998 0.13075 0.13075 0.13075 0.0 0 0 1 56.00666
-1.14325 -0.0017 0.444145 0.19454 0.19454 0.19454 0.0 0 0 1 19.51089
-1.30991 -0.14615 0.43562500000000004 0.165 0.165 0.165 0.0 0 0 1 86.5121
-0.47161 1.34222 0.301655 0.17831 0.17831 0.17831 0.0 0 0 1 83.89299
1.1349 -0.56663 0.29747499999999993 0.1887 0.1887 0.1887 0.0 0 0 1 3.7025
-1.01147 1.23125 0.292015 0.09028 0.09028 0.09028 0.0 0 0 1 14.85536
-1.20437 -1.33081 0.17495000000000002 0.1749 0.1749 0.1749 0.0 0 0 1 44.90755
-0.63389 1.2127 0.295415 0.16583 0.16583 0.16583 0.0 0 0 1 44.86413
0.14234 0.39644 0.3852300000000001 0.13921 0.13921 0.13921 0.0 0 0 1 76.61122
0.4077 -0.18634 0.3725050000000001 0.18876 0.18876 0.18876 0.0 0 0 1 35.39523
-1.19383 0.30263 0.474275 0.1923 0.1923 0.1923 0.0 0 0 1 67.72124
0.91469 0.723 0.4045350000000001 0.18407 0.18407 0.18407 0.0 0 0 1 32.67881
0.5917 1.05962 0.30286 0.06822 0.06822 0.06822 0.0 0 0 1 47.40458
0.17545 1.35445 0.26603 0.10081 0.10081 0.10081 0.0 0 0 1 68.43994
0.05038 -0.87112 0.16020500000000001 0.08916 0.08916 0.08916 0.0 0 0 1 34.59972
0.58502 0.26297 0.39790500000000006 0.16456 0.16456 0.16456 0.0 0 0 1 73.24066
0.6737 0.00292 0.35792 0.15959 0.15959 0.15959 0.0 0 0 1 25.64835
0.53494 -0.57567 0.21894500000000003 0.14414 0.14414 0.14414 0.0 0 0 1 47.60454
-0.13525 1.24201 0.257185 0.13312 0.13312 0.13312 0.0 0 0 1 14.67744
-0.02484 -0.58293 0.23321000000000006 0.12892 0.12892 0.12892 0.0 0 0 1 6.43123
0.15221 -1.03072 0.163235 0.17022 0.17022 0.17022 0.0 0 0 1 7.71681
0.98466 -0.79312 0.15624000000000002 0.06873 0.06873 0.06873 0.0 0 0 1 23.86372
0.32177 -0.69032 0.23249500000000003 0.17124 0.17124 0.17124 0.0 0 0 1 3.94838
-0.11491 0.39194 0.395015 0.14003 0.14003 0.14003 0.0 0 0 1 76.16457
1.1621 0.23017 0.3777400000000001 0.13673 0.13673 0.13673 0.0 0 0 1 5.77082
1.17494 -0.44842 0.2559 0.10555 0.10555 0.10555 0.0 0 0 1 66.69221
0.47755 0.07977 0.3208200000000001 0.07914 0.07914 0.07914 0.0 0 0 1 22.2211
0.44989 -0.40276 0.21508999999999998 0.05518 0.05518 0.05518 0.0 0 0 1 75.35611
-1.35169 -0.48342 0.30789500000000003 0.08454 0.08454 0.08454 0.0 0 0 1 85.55686
-1.06472 0.25432 0.4254650000000001 0.11343 0.11343 0.11343 0.0 0 0 1 53.96559
0.55354 0.0387 0.33335000000000004 0.11045 0.11045 0.11045 0.0 0 0 1 38.18867
0.376 -0.3442 0.251935 0.11637 0.11637 0.11637 0.0 0 0 1 68.37962
1.11873 -0.44812 0.290015 0.17378 0.17378 0.17378 0.0 0 0 1 22.98131
0.2708 -0.76788 0.23947000000000004 0.18519 0.18519 0.18519 0.0 0 0 1 84.49358
1.27121 0.24729 0.3950600000000001 0.16512 0.16512 0.16512 0.0 0 0 1 36.93882
1.17028 0.60341 0.3608950000000001 0.09679 0.09679 0.09679 0.0 0 0 1 2.11402
-0.1908 -0.67485 0.24278500000000006 0.14807 0.14807 0.14807 0.0 0 0 1 42.77162
-0.9699 0.37929 0.4328750000000001 0.12825 0.12825 0.12825 0.0 0 0 1 64.46227
-0.19773 1.1303 0.33285999999999993 0.19697 0.19697 0.19697 0.0 0 0 1 26.30244
-0.33994 0.42074 0.433685 0.19237 0.19237 0.19237 0.0 0 0 1 26.83323
-0.44567 0.22189 0.44845500000000005 0.04691 0.04691 0.04691 1000 0 0 1 5.30314
-0.83459 0.24207 0.471005 0.04826 0.04826 0.04826 1000 0 0 1 2.07828
-0.4373 -0.64151 0.29688 0.03126 0.03126 0.03126 1000 0 0 1 63.61622
0.26965 0.43308 0.42917 0.02709 0.02709 0.02709 1000 0 0 1 70.98728
0.6254 -0.79842 0.21864000000000003 0.03103 0.03103 0.03103 1000 0 0 1 10.13364
-0.58412 -0.62171 0.31196 0.04267 0.04267 0.04267 1000 0 0 1 50.8575
0.02596 -0.76049 0.23059500000000005 0.02994 0.02994 0.02994 1000 0 0 1 39.19519
0.65683 -0.38276 0.30903 0.03681 0.03681 0.03681 1000 0 0 1 7.3398
-0.39442 -0.55951 0.29829 0.03408 0.03408 0.03408 1000 0 0 1 24.68316
-0.60612 0.14174 0.45814 0.04128 0.04128 0.04128 1000 0 0 1 83.5336
-0.81164 -0.451 0.365625 0.04375 0.04375 0.04375 1000 0 0 1 39.45516
-0.8392 -0.38235 0.36828 0.04906 0.04906 0.04906 1000 0 0 1 50.74796
-0.74413 -0.47028 0.35647 0.02544 0.02544 0.02544 1000 0 0 1 79.5854
-0.73833 -0.15278 0.40247 0.02369 0.02369 0.02369 1000 0 0 1 80.87245
-0.7457 -0.64486 0.31606 0.03837 0.03837 0.03837 1000 0 0 1 15.97209
-0.1406 0.58126 0.41717 0.02184 0.02184 0.02184 1000 0 0 1 77.03417
0.43534 0.61719 0.42026 0.02177 0.02177 0.02177 1000 0 0 1 15.37679
0.38922 -0.8333 0.22152500000000003 0.0368 0.0368 0.0368 1000 0 0 1 30.0083
0.60025 -0.76232 0.22003000000000003 0.03381 0.03381 0.03381 1000 0 0 1 9.40978
-0.21011 0.38943 0.43416000000000005 0.03082 0.03082 0.03082 1000 0 0 1 17.85005
0.21919 0.6725 0.417375 0.02225 0.02225 0.02225 1000 0 0 1 53.17082
0.43462 -0.05604 0.39081000000000005 0.02537 0.02537 0.02537 1000 0 0 1 44.51258
0.64789 -0.63191 0.261335 0.04142 0.04142 0.04142 1000 0 0 1 71.86467
0.56243 0.36776 0.43715000000000004 0.04305 0.04305 0.04305 1000 0 0 1 27.98236
-0.81238 0.63458 0.45489000000000007 0.04103 0.04103 0.04103 1000 0 0 1 67.14104
-0.60196 0.17803 0.448815 0.02263 0.02263 0.02263 1000 0 0 1 47.9771
0.55811 0.44598 0.437485 0.04372 0.04372 0.04372 1000 0 0 1 1.2817
-0.56766 -0.00088 0.44226000000000004 0.04702 0.04702 0.04702 1000 0 0 1 80.97094
-0.44745 -0.59427 0.29653 0.03056 0.03056 0.03056 1000 0 0 1 87.06704
0.41653 0.35026 0.43763 0.04401 0.04401 0.04401 1000 0 0 1 53.17423
-0.83337 0.15568 0.47165500000000005 0.04956 0.04956 0.04956 1000 0 0 1 73.30823
0.38043 -0.58316 0.260005 0.03876 0.03876 0.03876 1000 0 0 1 51.90825
-0.33947 0.25018 0.44125500000000006 0.03251 0.03251 0.03251 1000 0 0 1 56.69276
0.13816 -0.72244 0.21696500000000002 0.02143 0.02143 0.02143 1000 0 0 1 88.26036
-0.83559 0.55186 0.45213500000000006 0.03552 0.03552 0.03552 1000 0 0 1 67.69371
-0.24039 0.61202 0.418215 0.02393 0.02393 0.02393 1000 0 0 1 1.09578
-0.36833 -0.42305 0.341965 0.02768 0.02768 0.02768 1000 0 0 1 22.89603
-0.6434 -0.26623 0.39726500000000003 0.02578 0.02578 0.02578 1000 0 0 1 55.7142
0.59644 0.63945 0.4321250000000001 0.03925 0.03925 0.03925 1000 0 0 1 87.4289
0.05055 0.41017 0.43073500000000003 0.03022 0.03022 0.03022 1000 0 0 1 83.51275
-0.03928 0.61611 0.417515 0.02253 0.02253 0.02253 1000 0 0 1 48.83232
-0.59572 0.52833 0.4289450000000001 0.02039 0.02039 0.02039 1000 0 0 1 32.90543
-0.41284 -0.73998 0.25942 0.03759 0.03759 0.03759 1000 0 0 1 13.2212
-0.19484 -0.82296 0.24520999999999998 0.03417 0.03417 0.03417 1000 0 0 1 55.0204
-0.64779 -0.38027 0.34877 0.02254 0.02254 0.02254 1000 0 0 1 82.29592
0.65392 -0.57439 0.25860500000000003 0.03596 0.03596 0.03596 1000 0 0 1 80.87591
-0.75772 -0.53606 0.31086 0.02797 0.02797 0.02797 1000 0 0 1 31.00696
-0.39282 0.1513 0.44781000000000004 0.04562 0.04562 0.04562 1000 0 0 1 69.49287
-0.21254 -0.86369 0.2439 0.03155 0.03155 0.03155 1000 0 0 1 11.016
-0.62633 -0.53963 0.30347500000000005 0.0257 0.0257 0.0257 1000 0 0 1 43.26794
