-1.6 -1.6 0.2 0.2 0.36875 0.0
-1.6 -1.4000000000000001 0.2 0.2 0.365625 0.0
-1.6 -1.2000000000000002 0.2 0.2 0.353125 0.0
-1.6 -1.0 0.2 0.2 0.33124999999999993 0.0
-1.6 -0.8 0.2 0.2 0.303125 0.0
-1.6 -0.6000000000000001 0.2 0.2 0.275 0.0
-1.6 -0.3999999999999999 0.2 0.2 0.259375 0.0
-1.6 -0.19999999999999996 0.2 0.2 0.25625 0.0
-1.6 0.0 0.2 0.2 0.26249999999999996 0.0
-1.6 0.19999999999999996 0.2 0.2 0.271875 0.0
-1.6 0.3999999999999999 0.2 0.2 0.290625 0.0
-1.6 0.6000000000000001 0.2 0.2 0.30625 0.0
-1.6 0.8000000000000003 0.2 0.2 0.321875 0.0
-1.6 1.0 0.2 0.2 0.33124999999999993 0.0
-1.6 1.2000000000000002 0.2 0.2 0.328125 0.0
-1.6 1.4 0.2 0.2 0.31562499999999993 0.0
-1.4000000000000001 -1.6 0.2 0.2 0.38125 0.0
-1.4000000000000001 -1.4000000000000001 0.2 0.2 0.37187499999999996 0.0
-1.4000000000000001 -1.2000000000000002 0.2 0.2 0.35 0.0
-1.4000000000000001 -1.0 0.2 0.2 0.31875 0.0
-1.4000000000000001 -0.8 0.2 0.2 0.28437500000000004 0.0
-1.4000000000000001 -0.6000000000000001 0.2 0.2 0.25312500000000004 0.0
-1.4000000000000001 -0.3999999999999999 0.2 0.2 0.23437500000000003 0.0
-1.4000000000000001 -0.19999999999999996 0.2 0.2 0.228125 0.0
-1.4000000000000001 0.0 0.2 0.2 0.23437500000000003 0.0
-1.4000000000000001 0.19999999999999996 0.2 0.2 0.24375 0.0
-1.4000000000000001 0.3999999999999999 0.2 0.2 0.26249999999999996 0.0
-1.4000000000000001 0.6000000000000001 0.2 0.2 0.28125 0.0
-1.4000000000000001 0.8000000000000003 0.2 0.2 0.30000000000000004 0.0
-1.4000000000000001 1.0 0.2 0.2 0.3125 0.0
-1.4000000000000001 1.2000000000000002 0.2 0.2 0.31562499999999993 0.0
-1.4000000000000001 1.4 0.2 0.2 0.303125 0.0
-1.2000000000000002 -1.6 0.2 0.2 0.384375 0.0
-1.2000000000000002 -1.4000000000000001 0.2 0.2 0.36875 0.0
-1.2000000000000002 -1.2000000000000002 0.2 0.2 0.3375 0.0
-1.2000000000000002 -1.0 0.2 0.2 0.30000000000000004 0.0
-1.2000000000000002 -0.8 0.2 0.2 0.26249999999999996 0.0
-1.2000000000000002 -0.6000000000000001 0.2 0.2 0.228125 0.0
-1.2000000000000002 -0.3999999999999999 0.2 0.2 0.20625000000000002 0.0
-1.2000000000000002 -0.19999999999999996 0.2 0.2 0.19999999999999998 0.0
-1.2000000000000002 0.0 0.2 0.2 0.19999999999999998 0.0
-1.2000000000000002 0.19999999999999996 0.2 0.2 0.2125 0.0
-1.2000000000000002 0.3999999999999999 0.2 0.2 0.228125 0.0
-1.2000000000000002 0.6000000000000001 0.2 0.2 0.25 0.0
-1.2000000000000002 0.8000000000000003 0.2 0.2 0.26875000000000004 0.0
-1.2000000000000002 1.0 0.2 0.2 0.28437500000000004 0.0
-1.2000000000000002 1.2000000000000002 0.2 0.2 0.290625 0.0
-1.2000000000000002 1.4 0.2 0.2 0.28125 0.0
-1.0 -1.6 0.2 0.2 0.38125 0.0
-1.0 -1.4000000000000001 0.2 0.2 0.359375 0.0
-1.0 -1.2000000000000002 0.2 0.2 0.32499999999999996 0.0
-1.0 -1.0 0.2 0.2 0.28125 0.0
-1.0 -0.8 0.2 0.2 0.23750000000000002 0.0
-1.0 -0.6000000000000001 0.2 0.2 0.20312500000000003 0.0
-1.0 -0.3999999999999999 0.2 0.2 0.18125 0.0
-1.0 -0.19999999999999996 0.2 0.2 0.16874999999999998 0.0
-1.0 0.0 0.2 0.2 0.16874999999999998 0.0
-1.0 0.19999999999999996 0.2 0.2 0.178125 0.0
-1.0 0.3999999999999999 0.2 0.2 0.19375 0.0
-1.0 0.6000000000000001 0.2 0.2 0.2125 0.0
-1.0 0.8000000000000003 0.2 0.2 0.23437500000000003 0.0
-1.0 1.0 0.2 0.2 0.25312500000000004 0.0
-1.0 1.2000000000000002 0.2 0.2 0.259375 0.0
-1.0 1.4 0.2 0.2 0.25312500000000004 0.0
-0.8 -1.6 0.2 0.2 0.37187499999999996 0.0
-0.8 -1.4000000000000001 0.2 0.2 0.34687499999999993 0.0
-0.8 -1.2000000000000002 0.2 0.2 0.3125 0.0
-0.8 -1.0 0.2 0.2 0.26875000000000004 0.0
-0.8 -0.8 0.2 0.2 0.22187500000000002 0.0
-0.8 -0.6000000000000001 0.2 0.2 0.18750000000000003 0.0
-0.8 -0.3999999999999999 0.2 0.2 0.1625 0.0
-0.8 -0.19999999999999996 0.2 0.2 0.146875 0.0
-0.8 0.0 0.2 0.2 0.14375000000000002 0.0
-0.8 0.19999999999999996 0.2 0.2 0.15 0.0
-0.8 0.3999999999999999 0.2 0.2 0.1625 0.0
-0.8 0.6000000000000001 0.2 0.2 0.18125 0.0
-0.8 0.8000000000000003 0.2 0.2 0.19999999999999998 0.0
-0.8 1.0 0.2 0.2 0.21875000000000003 0.0
-0.8 1.2000000000000002 0.2 0.2 0.225 0.0
-0.8 1.4 0.2 0.2 0.21875000000000003 0.0
-0.6000000000000001 -1.6 0.2 0.2 0.359375 0.0
-0.6000000000000001 -1.4000000000000001 0.2 0.2 0.34062499999999996 0.0
-0.6000000000000001 -1.2000000000000002 0.2 0.2 0.30625 0.0
-0.6000000000000001 -1.0 0.2 0.2 0.265625 0.0
-0.6000000000000001 -0.8 0.2 0.2 0.22187500000000002 0.0
-0.6000000000000001 -0.6000000000000001 0.2 0.2 0.18750000000000003 0.0
-0.6000000000000001 -0.3999999999999999 0.2 0.2 0.15937500000000002 0.0
-0.6000000000000001 -0.19999999999999996 0.2 0.2 0.14062500000000003 0.0
-0.6000000000000001 0.0 0.2 0.2 0.134375 0.0
-0.6000000000000001 0.19999999999999996 0.2 0.2 0.134375 0.0
-0.6000000000000001 0.3999999999999999 0.2 0.2 0.14375000000000002 0.0
-0.6000000000000001 0.6000000000000001 0.2 0.2 0.15937500000000002 0.0
-0.6000000000000001 0.8000000000000003 0.2 0.2 0.17500000000000002 0.0
-0.6000000000000001 1.0 0.2 0.2 0.18750000000000003 0.0
-0.6000000000000001 1.2000000000000002 0.2 0.2 0.19375 0.0
-0.6000000000000001 1.4 0.2 0.2 0.18750000000000003 0.0
-0.3999999999999999 -1.6 0.2 0.2 0.34687499999999993 0.0
-0.3999999999999999 -1.4000000000000001 0.2 0.2 0.3375 0.0
-0.3999999999999999 -1.2000000000000002 0.2 0.2 0.30937499999999996 0.0
-0.3999999999999999 -1.0 0.2 0.2 0.275 0.0
-0.3999999999999999 -0.8 0.2 0.2 0.23437500000000003 0.0
-0.3999999999999999 -0.6000000000000001 0.2 0.2 0.19999999999999998 0.0
-0.3999999999999999 -0.3999999999999999 0.2 0.2 0.17187500000000003 0.0
-0.3999999999999999 -0.19999999999999996 0.2 0.2 0.15 0.0
-0.3999999999999999 0.0 0.2 0.2 0.13749999999999998 0.0
-0.3999999999999999 0.19999999999999996 0.2 0.2 0.134375 0.0
-0.3999999999999999 0.3999999999999999 0.2 0.2 0.134375 0.0
-0.3999999999999999 0.6000000000000001 0.2 0.2 0.14375000000000002 0.0
-0.3999999999999999 0.8000000000000003 0.2 0.2 0.15312499999999998 0.0
-0.3999999999999999 1.0 0.2 0.2 0.165625 0.0
-0.3999999999999999 1.2000000000000002 0.2 0.2 0.16874999999999998 0.0
-0.3999999999999999 1.4 0.2 0.2 0.165625 0.0
-0.19999999999999996 -1.6 0.2 0.2 0.3375 0.0
-0.19999999999999996 -1.4000000000000001 0.2 0.2 0.334375 0.0
-0.19999999999999996 -1.2000000000000002 0.2 0.2 0.31875 0.0
-0.19999999999999996 -1.0 0.2 0.2 0.290625 0.0
-0.19999999999999996 -0.8 0.2 0.2 0.25625 0.0
-0.19999999999999996 -0.6000000000000001 0.2 0.2 0.22187500000000002 0.0
-0.19999999999999996 -0.3999999999999999 0.2 0.2 0.19375 0.0
-0.19999999999999996 -0.19999999999999996 0.2 0.2 0.16874999999999998 0.0
-0.19999999999999996 0.0 0.2 0.2 0.15625000000000003 0.0
-0.19999999999999996 0.19999999999999996 0.2 0.2 0.13749999999999998 0.0
-0.19999999999999996 0.3999999999999999 0.2 0.2 0.134375 0.0
-0.19999999999999996 0.6000000000000001 0.2 0.2 0.134375 0.0
-0.19999999999999996 0.8000000000000003 0.2 0.2 0.14062500000000003 0.0
-0.19999999999999996 1.0 0.2 0.2 0.15 0.0
-0.19999999999999996 1.2000000000000002 0.2 0.2 0.15312499999999998 0.0
-0.19999999999999996 1.4 0.2 0.2 0.15 0.0
0.0 -1.6 0.2 0.2 0.33124999999999993 0.0
0.0 -1.4000000000000001 0.2 0.2 0.334375 0.0
0.0 -1.2000000000000002 0.2 0.2 0.32499999999999996 0.0
0.0 -1.0 0.2 0.2 0.30625 0.0
0.0 -0.8 0.2 0.2 0.27812499999999996 0.0
0.0 -0.6000000000000001 0.2 0.2 0.24687499999999998 0.0
0.0 -0.3999999999999999 0.2 0.2 0.21562499999999998 0.0
0.0 -0.19999999999999996 0.2 0.2 0.178125 0.0
0.0 0.0 0.2 0.2 0.1625 0.0
0.0 0.19999999999999996 0.2 0.2 0.14375000000000002 0.0
0.0 0.3999999999999999 0.2 0.2 0.134375 0.0
0.0 0.6000000000000001 0.2 0.2 0.13125 0.0
0.0 0.8000000000000003 0.2 0.2 0.134375 0.0
0.0 1.0 0.2 0.2 0.14062500000000003 0.0
0.0 1.2000000000000002 0.2 0.2 0.146875 0.0
0.0 1.4 0.2 0.2 0.146875 0.0
0.19999999999999996 -1.6 0.2 0.2 0.321875 0.0
0.19999999999999996 -1.4000000000000001 0.2 0.2 0.334375 0.0
0.19999999999999996 -1.2000000000000002 0.2 0.2 0.33124999999999993 0.0
0.19999999999999996 -1.0 0.2 0.2 0.31562499999999993 0.0
0.19999999999999996 -0.8 0.2 0.2 0.29374999999999996 0.0
0.19999999999999996 -0.6000000000000001 0.2 0.2 0.26875000000000004 0.0
0.19999999999999996 -0.3999999999999999 0.2 0.2 0.23750000000000002 0.0
0.19999999999999996 -0.19999999999999996 0.2 0.2 0.20625000000000002 0.0
0.19999999999999996 0.0 0.2 0.2 0.17500000000000002 0.0
0.19999999999999996 0.19999999999999996 0.2 0.2 0.15312499999999998 0.0
0.19999999999999996 0.3999999999999999 0.2 0.2 0.13749999999999998 0.0
0.19999999999999996 0.6000000000000001 0.2 0.2 0.13125 0.0
0.19999999999999996 0.8000000000000003 0.2 0.2 0.13125 0.0
0.19999999999999996 1.0 0.2 0.2 0.13749999999999998 0.0
0.19999999999999996 1.2000000000000002 0.2 0.2 0.146875 0.0
0.19999999999999996 1.4 0.2 0.2 0.15312499999999998 0.0
0.3999999999999999 -1.6 0.2 0.2 0.31562499999999993 0.0
0.3999999999999999 -1.4000000000000001 0.2 0.2 0.33124999999999993 0.0
0.3999999999999999 -1.2000000000000002 0.2 0.2 0.33124999999999993 0.0
0.3999999999999999 -1.0 0.2 0.2 0.321875 0.0
0.3999999999999999 -0.8 0.2 0.2 0.30625 0.0
0.3999999999999999 -0.6000000000000001 0.2 0.2 0.28125 0.0
0.3999999999999999 -0.3999999999999999 0.2 0.2 0.25 0.0
0.3999999999999999 -0.19999999999999996 0.2 0.2 0.21875000000000003 0.0
0.3999999999999999 0.0 0.2 0.2 0.18750000000000003 0.0
0.3999999999999999 0.19999999999999996 0.2 0.2 0.15937500000000002 0.0
0.3999999999999999 0.3999999999999999 0.2 0.2 0.14375000000000002 0.0
0.3999999999999999 0.6000000000000001 0.2 0.2 0.134375 0.0
0.3999999999999999 0.8000000000000003 0.2 0.2 0.134375 0.0
0.3999999999999999 1.0 0.2 0.2 0.14062500000000003 0.0
0.3999999999999999 1.2000000000000002 0.2 0.2 0.15312499999999998 0.0
0.3999999999999999 1.4 0.2 0.2 0.165625 0.0
0.6000000000000001 -1.6 0.2 0.2 0.30937499999999996 0.0
0.6000000000000001 -1.4000000000000001 0.2 0.2 0.32499999999999996 0.0
0.6000000000000001 -1.2000000000000002 0.2 0.2 0.32499999999999996 0.0
0.6000000000000001 -1.0 0.2 0.2 0.31875 0.0
0.6000000000000001 -0.8 0.2 0.2 0.30625 0.0
0.6000000000000001 -0.6000000000000001 0.2 0.2 0.2875 0.0
0.6000000000000001 -0.3999999999999999 0.2 0.2 0.25625 0.0
0.6000000000000001 -0.19999999999999996 0.2 0.2 0.22187500000000002 0.0
0.6000000000000001 0.0 0.2 0.2 0.19062500000000002 0.0
0.6000000000000001 0.19999999999999996 0.2 0.2 0.1625 0.0
0.6000000000000001 0.3999999999999999 0.2 0.2 0.14375000000000002 0.0
0.6000000000000001 0.6000000000000001 0.2 0.2 0.134375 0.0
0.6000000000000001 0.8000000000000003 0.2 0.2 0.134375 0.0
0.6000000000000001 1.0 0.2 0.2 0.146875 0.0
0.6000000000000001 1.2000000000000002 0.2 0.2 0.1625 0.0
0.6000000000000001 1.4 0.2 0.2 0.18125 0.0
0.8000000000000003 -1.6 0.2 0.2 0.303125 0.0
0.8000000000000003 -1.4000000000000001 0.2 0.2 0.3125 0.0
0.8000000000000003 -1.2000000000000002 0.2 0.2 0.3125 0.0
0.8000000000000003 -1.0 0.2 0.2 0.30625 0.0
0.8000000000000003 -0.8 0.2 0.2 0.29374999999999996 0.0
0.8000000000000003 -0.6000000000000001 0.2 0.2 0.27812499999999996 0.0
0.8000000000000003 -0.3999999999999999 0.2 0.2 0.25312500000000004 0.0
0.8000000000000003 -0.19999999999999996 0.2 0.2 0.21875000000000003 0.0
0.8000000000000003 0.0 0.2 0.2 0.18750000000000003 0.0
0.8000000000000003 0.19999999999999996 0.2 0.2 0.15937500000000002 0.0
0.8000000000000003 0.3999999999999999 0.2 0.2 0.14375000000000002 0.0
0.8000000000000003 0.6000000000000001 0.2 0.2 0.134375 0.0
0.8000000000000003 0.8000000000000003 0.2 0.2 0.13749999999999998 0.0
0.8000000000000003 1.0 0.2 0.2 0.15 0.0
0.8000000000000003 1.2000000000000002 0.2 0.2 0.17187500000000003 0.0
0.8000000000000003 1.4 0.2 0.2 0.196875 0.0
1.0 -1.6 0.2 0.2 0.29374999999999996 0.0
1.0 -1.4000000000000001 0.2 0.2 0.296875 0.0
1.0 -1.2000000000000002 0.2 0.2 0.29374999999999996 0.0
1.0 -1.0 0.2 0.2 0.28437500000000004 0.0
1.0 -0.8 0.2 0.2 0.275 0.0
1.0 -0.6000000000000001 0.2 0.2 0.26249999999999996 0.0
1.0 -0.3999999999999999 0.2 0.2 0.23750000000000002 0.0
1.0 -0.19999999999999996 0.2 0.2 0.20625000000000002 0.0
1.0 0.0 0.2 0.2 0.17500000000000002 0.0
1.0 0.19999999999999996 0.2 0.2 0.15 0.0
1.0 0.3999999999999999 0.2 0.2 0.134375 0.0
1.0 0.6000000000000001 0.2 0.2 0.13125 0.0
1.0 0.8000000000000003 0.2 0.2 0.13749999999999998 0.0
1.0 1.0 0.2 0.2 0.15625000000000003 0.0
1.0 1.2000000000000002 0.2 0.2 0.18125 0.0
1.0 1.4 0.2 0.2 0.209375 0.0
1.2000000000000002 -1.6 0.2 0.2 0.28437500000000004 0.0
1.2000000000000002 -1.4000000000000001 0.2 0.2 0.28125 0.0
1.2000000000000002 -1.2000000000000002 0.2 0.2 0.26875000000000004 0.0
1.2000000000000002 -1.0 0.2 0.2 0.25625 0.0
1.2000000000000002 -0.8 0.2 0.2 0.24687499999999998 0.0
1.2000000000000002 -0.6000000000000001 0.2 0.2 0.23437500000000003 0.0
1.2000000000000002 -0.3999999999999999 0.2 0.2 0.2125 0.0
1.2000000000000002 -0.19999999999999996 0.2 0.2 0.18125 0.0
1.2000000000000002 0.0 0.2 0.2 0.15625000000000003 0.0
1.2000000000000002 0.19999999999999996 0.2 0.2 0.134375 0.0
1.2000000000000002 0.3999999999999999 0.2 0.2 0.12187499999999998 0.0
1.2000000000000002 0.6000000000000001 0.2 0.2 0.12187499999999998 0.0
1.2000000000000002 0.8000000000000003 0.2 0.2 0.13125 0.0
1.2000000000000002 1.0 0.2 0.2 0.15312499999999998 0.0
1.2000000000000002 1.2000000000000002 0.2 0.2 0.18125 0.0
1.2000000000000002 1.4 0.2 0.2 0.21562499999999998 0.0
1.4 -1.6 0.2 0.2 0.271875 0.0
1.4 -1.4000000000000001 0.2 0.2 0.259375 0.0
1.4 -1.2000000000000002 0.2 0.2 0.240625 0.0
1.4 -1.0 0.2 0.2 0.225 0.0
1.4 -0.8 0.2 0.2 0.209375 0.0
1.4 -0.6000000000000001 0.2 0.2 0.19999999999999998 0.0
1.4 -0.3999999999999999 0.2 0.2 0.178125 0.0
1.4 -0.19999999999999996 0.2 0.2 0.15312499999999998 0.0
1.4 0.0 0.2 0.2 0.12812500000000002 0.0
1.4 0.19999999999999996 0.2 0.2 0.10937500000000003 0.0
1.4 0.3999999999999999 0.2 0.2 0.1 0.0
1.4 0.6000000000000001 0.2 0.2 0.103125 0.0
1.4 0.8000000000000003 0.2 0.2 0.115625 0.0
1.4 1.0 0.2 0.2 0.14062500000000003 0.0
1.4 1.2000000000000002 0.2 0.2 0.17187500000000003 0.0
1.4 1.4 0.2 0.2 0.209375 0.0
1.21054 1.11388 0.13635 0.1102 0.1102 0.1102 0.0 0 0 1 32.60959
-1.29578 0.82364 0.29205000000000003 0.14035 0.14035 0.14035 0.0 0 0 1 40.67462
-0.87025 -1.137 0.3179850000000001 0.16097 0.16097 0.16097 0.0 0 0 1 29.54626
-1.24507 0.07817 0.217355 0.14721 0.14721 0.14721 0.0 0 0 1 30.31634
-1.17754 1.35702 0.302635 0.17402 0.17402 0.17402 0.0 0 0 1 6.04376
-0.69232 -0.61463 0.21130000000000002 0.1476 0.1476 0.1476 0.0 0 0 1 13.31799
0.55029 1.38712 0.09222 0.05319 0.05319 0.05319 0.0 0 0 1 28.4004
-0.36723 -0.52959 0.16170499999999996 0.12341 0.12341 0.12341 0.0 0 0 1 83.86868
-0.03312 -0.4633 0.21451999999999996 0.13529 0.13529 0.13529 0.0 0 0 1 22.13449
0.41316 -0.9618 0.24819 0.05263 0.05263 0.05263 0.0 0 0 1 64.12347
1.28307 0.22196 0.10825499999999999 0.11651 0.11651 0.11651 0.0 0 0 1 77.44147
-0.30527 1.26548 0.15288500000000002 0.11827 0.11827 0.11827 0.0 0 0 1 53.22853
-1.17512 0.78615 0.25739500000000004 0.15229 0.15229 0.15229 0.0 0 0 1 19.18445
-1.35209 0.10648 0.23783999999999997 0.15068 0.15068 0.15068 0.0 0 0 1 68.58047
-0.86101 -0.10459 0.19666999999999998 0.19334 0.19334 0.19334 0.0 0 0 1 84.35573
-0.98426 0.00357 0.14424499999999998 0.08849 0.08849 0.08849 0.0 0 0 1 67.67591
-0.94395 1.28417 0.27735 0.17345 0.17345 0.17345 0.0 0 0 1 55.16038
0.50024 1.36317 0.09945499999999999 0.06766 0.06766 0.06766 0.0 0 0 1 5.26491
-0.11779 -0.49138 0.15210500000000002 0.06046 0.06046 0.06046 0.0 0 0 1 45.474
-0.37816 0.64285 0.12301000000000001 0.12727 0.12727 0.12727 0.0 0 0 1 53.69873
0.80671 0.64514 0.091885 0.11502 0.11502 0.11502 0.0 0 0 1 71.21538
-1.251 -1.32741 0.34255499999999994 0.14136 0.14136 0.14136 0.0 0 0 1 11.07481
0.12837 -0.92644 0.26047999999999993 0.08971 0.08971 0.08971 0.0 0 0 1 52.25307
0.24835 -1.05833 0.3172649999999999 0.17203 0.17203 0.17203 0.0 0 0 1 16.37857
-1.05283 -1.12213 0.307515 0.14003 0.14003 0.14003 0.0 0 0 1 48.89772
-0.78601 -0.5127 0.15831000000000003 0.11037 0.11037 0.11037 0.0 0 0 1 51.45875
0.58509 -0.31539 0.253965 0.19543 0.19543 0.19543 0.0 0 0 1 74.97272
0.46055 0.89263 0.13347 0.18569 0.18569 0.18569 0.0 0 0 1 69.8356
0.75949 0.94153 0.14667 0.19959 0.19959 0.19959 0.0 0 0 1 19.59782
-0.91852 -0.24757 0.16665500000000003 0.12081 0.12081 0.12081 0.0 0 0 1 19.49888
-1.36835 0.20458 0.23908 0.13441 0.13441 0.13441 0.0 0 0 1 85.15082
-0.27997 1.30557 0.17026 0.15302 0.15302 0.15302 0.0 0 0 1 42.11594
0.60221 -1.02592 0.2866599999999999 0.11082 0.11082 0.11082 0.0 0 0 1 27.67423
-0.37144 -1.29113 0.30335999999999996 0.12547 0.12547 0.12547 0.0 0 0 1 17.53436
-0.70194 -1.34868 0.314615 0.11048 0.11048 0.11048 0.0 0 0 1 79.75841
-0.51113 -0.27955 0.162745 0.18174 0.18174 0.18174 0.0 0 0 1 48.41253
0.41863 0.90317 0.12216000000000002 0.16307 0.16307 0.16307 0.0 0 0 1 67.9463
0.46966 -0.79219 0.285315 0.15813 0.15813 0.15813 0.0 0 0 1 76.89652
0.69669 -0.68732 0.23430000000000004 0.0561 0.0561 0.0561 0.0 0 0 1 27.76495
-0.12319 -0.62923 0.24924499999999997 0.14224 0.14224 0.14224 0.0 0 0 1 31.2641
-0.13128 1.00473 0.14698999999999998 0.16273 0.16273 0.16273 0.0 0 0 1 77.39856
-0.68941 -0.56244 0.17550000000000002 0.14475 0.14475 0.14475 0.0 0 0 1 77.08708
1.03573 0.63427 0.108625 0.1485 0.1485 0.1485 0.0 0 0 1 87.79413
0.83927 1.34117 0.16662999999999997 0.13951 0.13951 0.13951 0.0 0 0 1 17.81153
1.36154 -1.31187 0.220515 0.07853 0.07853 0.07853 0.0 0 0 1 9.60335
-0.38787 0.82599 0.143985 0.13797 0.13797 0.13797 0.0 0 0 1 26.26447
-0.49335 1.20472 0.18971999999999997 0.12944 0.12944 0.12944 0.0 0 0 1 2.04534
-0.88903 1.20391 0.189065 0.05938 0.05938 0.05938 0.0 0 0 1 15.71253
0.67708 0.89229 0.06541 0.06207 0.06207 0.06207 0.0 0 0 1 28.89698
-0.43643 -1.1859 0.2585099999999999 0.09827 0.09827 0.09827 0.0 0 0 1 55.75326
0.18335 0.46747 0.15326499999999998 0.03153 0.03153 0.03153 1000 0 0 1 84.15349
0.26159 -0.57578 0.28074000000000005 0.02398 0.02398 0.02398 1000 0 0 1 11.21033
-0.79233 0.13528 0.16219 0.02438 0.02438 0.02438 1000 0 0 1 10.01277
0.02091 -0.36173 0.23884 0.04643 0.04643 0.04643 1000 0 0 1 48.40628
-0.60452 0.62213 0.169555 0.02036 0.02036 0.02036 1000 0 0 1 65.0414
-0.8297 0.05747 0.15768000000000001 0.02786 0.02786 0.02786 1000 0 0 1 1.24504
-0.16562 0.65016 0.159115 0.04948 0.04948 0.04948 1000 0 0 1 85.09167
-0.3782 0.20888 0.15632 0.04389 0.04389 0.04389 1000 0 0 1 62.92157
0.56011 -0.00877 0.20158500000000001 0.02192 0.02192 0.02192 1000 0 0 1 42.18152
0.53399 -0.64044 0.30295999999999995 0.03092 0.03092 0.03092 1000 0 0 1 16.39146
0.64911 0.23885 0.18249500000000002 0.03999 0.03999 0.03999 1000 0 0 1 79.52208
0.03763 0.61855 0.15332500000000002 0.04415 0.04415 0.04415 1000 0 0 1 88.96276
-0.00049 0.54672 0.144045 0.02559 0.02559 0.02559 1000 0 0 1 4.87798
-0.22784 0.5686 0.150745 0.03274 0.03274 0.03274 1000 0 0 1 69.45411
0.40633 -0.24259 0.24363 0.04976 0.04976 0.04976 1000 0 0 1 84.14165
0.35352 -0.0201 0.21208000000000002 0.04916 0.04916 0.04916 1000 0 0 1 57.16043
-0.84115 -0.63985 0.20937500000000003 0.04375 0.04375 0.04375 1000 0 0 1 77.14558
-0.76287 0.25598 0.169765 0.03953 0.03953 0.03953 1000 0 0 1 1.95926
-0.60292 -0.39839 0.18005500000000002 0.04136 0.04136 0.04136 1000 0 0 1 24.7496
-0.38538 0.26832 0.144445 0.02014 0.02014 0.02014 1000 0 0 1 25.40809
-0.40204 0.03965 0.15567999999999999 0.03636 0.03636 0.03636 1000 0 0 1 32.51723
-0.3437 -0.01488 0.14778 0.02056 0.02056 0.02056 1000 0 0 1 51.05127
0.67138 0.05392 0.20256500000000002 0.02388 0.02388 0.02388 1000 0 0 1 78.68991
-0.17529 0.54642 0.154 0.03925 0.03925 0.03925 1000 0 0 1 63.44424
0.02206 -0.60021 0.26963499999999996 0.04552 0.04552 0.04552 1000 0 0 1 6.97647
0.23778 -0.81822 0.31392999999999993 0.04036 0.04036 0.04036 1000 0 0 1 13.25559
-0.55968 -0.6139 0.21011000000000002 0.04522 0.04522 0.04522 1000 0 0 1 20.55035
-0.58316 -0.75651 0.23498000000000002 0.02621 0.02621 0.02621 1000 0 0 1 13.00379
-0.80776 -0.59677 0.20365500000000003 0.03231 0.03231 0.03231 1000 0 0 1 29.52072
0.33511 -0.57423 0.29681 0.03112 0.03112 0.03112 1000 0 0 1 87.30763
-0.41175 -0.03597 0.15966999999999998 0.04434 0.04434 0.04434 1000 0 0 1 67.19893
0.17373 0.38226 0.154465 0.03393 0.03393 0.03393 1000 0 0 1 4.53921
0.37823 -0.5572 0.303865 0.04523 0.04523 0.04523 1000 0 0 1 70.86744
-0.7755 -0.4016 0.1864 0.0478 0.0478 0.0478 1000 0 0 1 19.20524
0.3853 0.39119 0.16564500000000001 0.04379 0.04379 0.04379 1000 0 0 1 46.16005
-0.14897 0.44675 0.155685 0.04262 0.04262 0.04262 1000 0 0 1 30.10937
-0.43639 0.44071 0.14833 0.02791 0.02791 0.02791 1000 0 0 1 24.4082
-0.56002 -0.16637 0.16312500000000002 0.045 0.045 0.045 1000 0 0 1 25.42916
-0.45609 0.35704 0.1543 0.03985 0.03985 0.03985 1000 0 0 1 26.88593
-0.75189 0.61332 0.204795 0.04709 0.04709 0.04709 1000 0 0 1 76.00962
0.00592 -0.73782 0.291075 0.0259 0.0259 0.0259 1000 0 0 1 17.85671
-0.14213 -0.76419 0.276555 0.04061 0.04061 0.04061 1000 0 0 1 64.87383
0.16312 0.60351 0.15121 0.03992 0.03992 0.03992 1000 0 0 1 18.95171
0.01114 -0.55706 0.26325499999999996 0.03276 0.03276 0.03276 1000 0 0 1 43.44378
-0.61425 0.52262 0.16945000000000002 0.02015 0.02015 0.02015 1000 0 0 1 73.12729
-0.54348 0.15331 0.150915 0.03308 0.03308 0.03308 1000 0 0 1 80.10042
0.58466 -0.18591 0.24676 0.04977 0.04977 0.04977 1000 0 0 1 62.47225
-0.37232 -0.80315 0.25152 0.03429 0.03429 0.03429 1000 0 0 1 4.79741
0.37989 -0.61019 0.29765 0.0328 0.0328 0.0328 1000 0 0 1 17.49713
-0.61018 0.34062 0.15513500000000002 0.02277 0.02277 0.02277 1000 0 0 1 70.17114
