-1.6 -1.6 0.2 0.2 0.11250000000000002 0.0
-1.6 -1.4000000000000001 0.2 0.2 0.14062500000000003 0.0
-1.6 -1.2000000000000002 0.2 0.2 0.17500000000000002 0.0
-1.6 -1.0 0.2 0.2 0.20625000000000002 0.0
-1.6 -0.8 0.2 0.2 0.23437500000000003 0.0
-1.6 -0.6000000000000001 0.2 0.2 0.25312500000000004 0.0
-1.6 -0.3999999999999999 0.2 0.2 0.28125 0.0
-1.6 -0.19999999999999996 0.2 0.2 0.30625 0.0
-1.6 0.0 0.2 0.2 0.334375 0.0
-1.6 0.19999999999999996 0.2 0.2 0.353125 0.0
-1.6 0.3999999999999999 0.2 0.2 0.36875 0.0
-1.6 0.6000000000000001 0.2 0.2 0.375 0.0
-1.6 0.8000000000000003 0.2 0.2 0.375 0.0
-1.6 1.0 0.2 0.2 0.37187500000000007 0.0
-1.6 1.2000000000000002 0.2 0.2 0.36250000000000004 0.0
-1.6 1.4 0.2 0.2 0.353125 0.0
-1.4000000000000001 -1.6 0.2 0.2 0.11250000000000002 0.0
-1.4000000000000001 -1.4000000000000001 0.2 0.2 0.14062500000000003 0.0
-1.4000000000000001 -1.2000000000000002 0.2 0.2 0.178125 0.0
-1.4000000000000001 -1.0 0.2 0.2 0.21562500000000004 0.0
-1.4000000000000001 -0.8 0.2 0.2 0.25 0.0
-1.4000000000000001 -0.6000000000000001 0.2 0.2 0.275 0.0
-1.4000000000000001 -0.3999999999999999 0.2 0.2 0.303125 0.0
-1.4000000000000001 -0.19999999999999996 0.2 0.2 0.328125 0.0
-1.4000000000000001 0.0 0.2 0.2 0.35 0.0
-1.4000000000000001 0.19999999999999996 0.2 0.2 0.365625 0.0
-1.4000000000000001 0.3999999999999999 0.2 0.2 0.375 0.0
-1.4000000000000001 0.6000000000000001 0.2 0.2 0.37812500000000004 0.0
-1.4000000000000001 0.8000000000000003 0.2 0.2 0.37187500000000007 0.0
-1.4000000000000001 1.0 0.2 0.2 0.365625 0.0
-1.4000000000000001 1.2000000000000002 0.2 0.2 0.359375 0.0
-1.4000000000000001 1.4 0.2 0.2 0.353125 0.0
-1.2000000000000002 -1.6 0.2 0.2 0.11875000000000002 0.0
-1.2000000000000002 -1.4000000000000001 0.2 0.2 0.146875 0.0
-1.2000000000000002 -1.2000000000000002 0.2 0.2 0.18437500000000004 0.0
-1.2000000000000002 -1.0 0.2 0.2 0.225 0.0
-1.2000000000000002 -0.8 0.2 0.2 0.265625 0.0
-1.2000000000000002 -0.6000000000000001 0.2 0.2 0.29375000000000007 0.0
-1.2000000000000002 -0.3999999999999999 0.2 0.2 0.321875 0.0
-1.2000000000000002 -0.19999999999999996 0.2 0.2 0.34687500000000004 0.0
-1.2000000000000002 0.0 0.2 0.2 0.36250000000000004 0.0
-1.2000000000000002 0.19999999999999996 0.2 0.2 0.37187500000000007 0.0
-1.2000000000000002 0.3999999999999999 0.2 0.2 0.375 0.0
-1.2000000000000002 0.6000000000000001 0.2 0.2 0.37187500000000007 0.0
-1.2000000000000002 0.8000000000000003 0.2 0.2 0.36250000000000004 0.0
-1.2000000000000002 1.0 0.2 0.2 0.353125 0.0
-1.2000000000000002 1.2000000000000002 0.2 0.2 0.34375 0.0
-1.2000000000000002 1.4 0.2 0.2 0.34375 0.0
-1.0 -1.6 0.2 0.2 0.12812500000000002 0.0
-1.0 -1.4000000000000001 0.2 0.2 0.15625000000000003 0.0
-1.0 -1.2000000000000002 0.2 0.2 0.19062500000000002 0.0
-1.0 -1.0 0.2 0.2 0.23437500000000003 0.0
-1.0 -0.8 0.2 0.2 0.275 0.0
-1.0 -0.6000000000000001 0.2 0.2 0.30625 0.0
-1.0 -0.3999999999999999 0.2 0.2 0.334375 0.0
-1.0 -0.19999999999999996 0.2 0.2 0.353125 0.0
-1.0 0.0 0.2 0.2 0.36875 0.0
-1.0 0.19999999999999996 0.2 0.2 0.37187500000000007 0.0
-1.0 0.3999999999999999 0.2 0.2 0.36875 0.0
-1.0 0.6000000000000001 0.2 0.2 0.359375 0.0
-1.0 0.8000000000000003 0.2 0.2 0.34375 0.0
-1.0 1.0 0.2 0.2 0.33125000000000004 0.0
-1.0 1.2000000000000002 0.2 0.2 0.321875 0.0
-1.0 1.4 0.2 0.2 0.321875 0.0
-0.8 -1.6 0.2 0.2 0.13750000000000004 0.0
-0.8 -1.4000000000000001 0.2 0.2 0.15937500000000002 0.0
-0.8 -1.2000000000000002 0.2 0.2 0.19062500000000002 0.0
-0.8 -1.0 0.2 0.2 0.23125000000000004 0.0
-0.8 -0.8 0.2 0.2 0.271875 0.0
-0.8 -0.6000000000000001 0.2 0.2 0.30625 0.0
-0.8 -0.3999999999999999 0.2 0.2 0.33125000000000004 0.0
-0.8 -0.19999999999999996 0.2 0.2 0.35 0.0
-0.8 0.0 0.2 0.2 0.359375 0.0
-0.8 0.19999999999999996 0.2 0.2 0.359375 0.0
-0.8 0.3999999999999999 0.2 0.2 0.35 0.0
-0.8 0.6000000000000001 0.2 0.2 0.3375 0.0
-0.8 0.8000000000000003 0.2 0.2 0.31875 0.0
-0.8 1.0 0.2 0.2 0.303125 0.0
-0.8 1.2000000000000002 0.2 0.2 0.290625 0.0
-0.8 1.4 0.2 0.2 0.290625 0.0
-0.6000000000000001 -1.6 0.2 0.2 0.13750000000000004 0.0
-0.6000000000000001 -1.4000000000000001 0.2 0.2 0.15312500000000004 0.0
-0.6000000000000001 -1.2000000000000002 0.2 0.2 0.18125000000000005 0.0
-0.6000000000000001 -1.0 0.2 0.2 0.21562500000000004 0.0
-0.6000000000000001 -0.8 0.2 0.2 0.25625 0.0
-0.6000000000000001 -0.6000000000000001 0.2 0.2 0.2875 0.0
-0.6000000000000001 -0.3999999999999999 0.2 0.2 0.31562500000000004 0.0
-0.6000000000000001 -0.19999999999999996 0.2 0.2 0.33125000000000004 0.0
-0.6000000000000001 0.0 0.2 0.2 0.34062500000000007 0.0
-0.6000000000000001 0.19999999999999996 0.2 0.2 0.3375 0.0
-0.6000000000000001 0.3999999999999999 0.2 0.2 0.32500000000000007 0.0
-0.6000000000000001 0.6000000000000001 0.2 0.2 0.30937500000000007 0.0
-0.6000000000000001 0.8000000000000003 0.2 0.2 0.290625 0.0
-0.6000000000000001 1.0 0.2 0.2 0.271875 0.0
-0.6000000000000001 1.2000000000000002 0.2 0.2 0.259375 0.0
-0.6000000000000001 1.4 0.2 0.2 0.259375 0.0
-0.3999999999999999 -1.6 0.2 0.2 0.12812500000000002 0.0
-0.3999999999999999 -1.4000000000000001 0.2 0.2 0.13750000000000004 0.0
-0.3999999999999999 -1.2000000000000002 0.2 0.2 0.1625 0.0
-0.3999999999999999 -1.0 0.2 0.2 0.19687500000000005 0.0
-0.3999999999999999 -0.8 0.2 0.2 0.23437500000000003 0.0
-0.3999999999999999 -0.6000000000000001 0.2 0.2 0.265625 0.0
-0.3999999999999999 -0.3999999999999999 0.2 0.2 0.29375000000000007 0.0
-0.3999999999999999 -0.19999999999999996 0.2 0.2 0.30937500000000007 0.0
-0.3999999999999999 0.0 0.2 0.2 0.31875 0.0
-0.3999999999999999 0.19999999999999996 0.2 0.2 0.31875 0.0
-0.3999999999999999 0.3999999999999999 0.2 0.2 0.30937500000000007 0.0
-0.3999999999999999 0.6000000000000001 0.2 0.2 0.29375000000000007 0.0
-0.3999999999999999 0.8000000000000003 0.2 0.2 0.275 0.0
-0.3999999999999999 1.0 0.2 0.2 0.25625 0.0
-0.3999999999999999 1.2000000000000002 0.2 0.2 0.24375000000000005 0.0
-0.3999999999999999 1.4 0.2 0.2 0.24375000000000005 0.0
-0.19999999999999996 -1.6 0.2 0.2 0.11875000000000002 0.0
-0.19999999999999996 -1.4000000000000001 0.2 0.2 0.12500000000000003 0.0
-0.19999999999999996 -1.2000000000000002 0.2 0.2 0.14375000000000002 0.0
-0.19999999999999996 -1.0 0.2 0.2 0.17500000000000002 0.0
-0.19999999999999996 -0.8 0.2 0.2 0.209375 0.0
-0.19999999999999996 -0.6000000000000001 0.2 0.2 0.24375000000000005 0.0
-0.19999999999999996 -0.3999999999999999 0.2 0.2 0.271875 0.0
-0.19999999999999996 -0.19999999999999996 0.2 0.2 0.290625 0.0
-0.19999999999999996 0.0 0.2 0.2 0.296875 0.0
-0.19999999999999996 0.19999999999999996 0.2 0.2 0.30625 0.0
-0.19999999999999996 0.3999999999999999 0.2 0.2 0.30000000000000004 0.0
-0.19999999999999996 0.6000000000000001 0.2 0.2 0.2875 0.0
-0.19999999999999996 0.8000000000000003 0.2 0.2 0.271875 0.0
-0.19999999999999996 1.0 0.2 0.2 0.25625 0.0
-0.19999999999999996 1.2000000000000002 0.2 0.2 0.24375000000000005 0.0
-0.19999999999999996 1.4 0.2 0.2 0.24375000000000005 0.0
0.0 -1.6 0.2 0.2 0.10625000000000001 0.0
0.0 -1.4000000000000001 0.2 0.2 0.11250000000000002 0.0
0.0 -1.2000000000000002 0.2 0.2 0.13125 0.0
0.0 -1.0 0.2 0.2 0.15937500000000002 0.0
0.0 -0.8 0.2 0.2 0.19375 0.0
0.0 -0.6000000000000001 0.2 0.2 0.225 0.0
0.0 -0.3999999999999999 0.2 0.2 0.25625 0.0
0.0 -0.19999999999999996 0.2 0.2 0.28437500000000004 0.0
0.0 0.0 0.2 0.2 0.29375000000000007 0.0
0.0 0.19999999999999996 0.2 0.2 0.30000000000000004 0.0
0.0 0.3999999999999999 0.2 0.2 0.30000000000000004 0.0
0.0 0.6000000000000001 0.2 0.2 0.290625 0.0
0.0 0.8000000000000003 0.2 0.2 0.27812500000000007 0.0
0.0 1.0 0.2 0.2 0.26250000000000007 0.0
0.0 1.2000000000000002 0.2 0.2 0.25312500000000004 0.0
0.0 1.4 0.2 0.2 0.25312500000000004 0.0
0.19999999999999996 -1.6 0.2 0.2 0.1 0.0
0.19999999999999996 -1.4000000000000001 0.2 0.2 0.10312500000000002 0.0
0.19999999999999996 -1.2000000000000002 0.2 0.2 0.12187500000000001 0.0
0.19999999999999996 -1.0 0.2 0.2 0.15 0.0
0.19999999999999996 -0.8 0.2 0.2 0.18125000000000005 0.0
0.19999999999999996 -0.6000000000000001 0.2 0.2 0.21562500000000004 0.0
0.19999999999999996 -0.3999999999999999 0.2 0.2 0.24687500000000004 0.0
0.19999999999999996 -0.19999999999999996 0.2 0.2 0.271875 0.0
0.19999999999999996 0.0 0.2 0.2 0.290625 0.0
0.19999999999999996 0.19999999999999996 0.2 0.2 0.303125 0.0
0.19999999999999996 0.3999999999999999 0.2 0.2 0.303125 0.0
0.19999999999999996 0.6000000000000001 0.2 0.2 0.30000000000000004 0.0
0.19999999999999996 0.8000000000000003 0.2 0.2 0.290625 0.0
0.19999999999999996 1.0 0.2 0.2 0.27812500000000007 0.0
0.19999999999999996 1.2000000000000002 0.2 0.2 0.26875000000000004 0.0
0.19999999999999996 1.4 0.2 0.2 0.26875000000000004 0.0
0.3999999999999999 -1.6 0.2 0.2 0.1 0.0
0.3999999999999999 -1.4000000000000001 0.2 0.2 0.10312500000000002 0.0
0.3999999999999999 -1.2000000000000002 0.2 0.2 0.12187500000000001 0.0
0.3999999999999999 -1.0 0.2 0.2 0.146875 0.0
0.3999999999999999 -0.8 0.2 0.2 0.178125 0.0
0.3999999999999999 -0.6000000000000001 0.2 0.2 0.21250000000000005 0.0
0.3999999999999999 -0.3999999999999999 0.2 0.2 0.24687500000000004 0.0
0.3999999999999999 -0.19999999999999996 0.2 0.2 0.275 0.0
0.3999999999999999 0.0 0.2 0.2 0.296875 0.0
0.3999999999999999 0.19999999999999996 0.2 0.2 0.30937500000000007 0.0
0.3999999999999999 0.3999999999999999 0.2 0.2 0.31562500000000004 0.0
0.3999999999999999 0.6000000000000001 0.2 0.2 0.3125 0.0
0.3999999999999999 0.8000000000000003 0.2 0.2 0.30625 0.0
0.3999999999999999 1.0 0.2 0.2 0.296875 0.0
0.3999999999999999 1.2000000000000002 0.2 0.2 0.2875 0.0
0.3999999999999999 1.4 0.2 0.2 0.2875 0.0
0.6000000000000001 -1.6 0.2 0.2 0.10625000000000001 0.0
0.6000000000000001 -1.4000000000000001 0.2 0.2 0.11250000000000002 0.0
0.6000000000000001 -1.2000000000000002 0.2 0.2 0.12812500000000002 0.0
0.6000000000000001 -1.0 0.2 0.2 0.15312500000000004 0.0
0.6000000000000001 -0.8 0.2 0.2 0.18750000000000003 0.0
0.6000000000000001 -0.6000000000000001 0.2 0.2 0.22187500000000002 0.0
0.6000000000000001 -0.3999999999999999 0.2 0.2 0.25312500000000004 0.0
0.6000000000000001 -0.19999999999999996 0.2 0.2 0.28437500000000004 0.0
0.6000000000000001 0.0 0.2 0.2 0.30625 0.0
0.6000000000000001 0.19999999999999996 0.2 0.2 0.321875 0.0
0.6000000000000001 0.3999999999999999 0.2 0.2 0.33125000000000004 0.0
0.6000000000000001 0.6000000000000001 0.2 0.2 0.328125 0.0
0.6000000000000001 0.8000000000000003 0.2 0.2 0.321875 0.0
0.6000000000000001 1.0 0.2 0.2 0.3125 0.0
0.6000000000000001 1.2000000000000002 0.2 0.2 0.30625 0.0
0.6000000000000001 1.4 0.2 0.2 0.30625 0.0
0.8000000000000003 -1.6 0.2 0.2 0.11875000000000002 0.0
0.8000000000000003 -1.4000000000000001 0.2 0.2 0.12500000000000003 0.0
0.8000000000000003 -1.2000000000000002 0.2 0.2 0.14375000000000002 0.0
0.8000000000000003 -1.0 0.2 0.2 0.16875000000000004 0.0
0.8000000000000003 -0.8 0.2 0.2 0.20312500000000003 0.0
0.8000000000000003 -0.6000000000000001 0.2 0.2 0.23437500000000003 0.0
0.8000000000000003 -0.3999999999999999 0.2 0.2 0.26875000000000004 0.0
0.8000000000000003 -0.19999999999999996 0.2 0.2 0.30000000000000004 0.0
0.8000000000000003 0.0 0.2 0.2 0.321875 0.0
0.8000000000000003 0.19999999999999996 0.2 0.2 0.3375 0.0
0.8000000000000003 0.3999999999999999 0.2 0.2 0.34375 0.0
0.8000000000000003 0.6000000000000001 0.2 0.2 0.34375 0.0
0.8000000000000003 0.8000000000000003 0.2 0.2 0.3375 0.0
0.8000000000000003 1.0 0.2 0.2 0.328125 0.0
0.8000000000000003 1.2000000000000002 0.2 0.2 0.31875 0.0
0.8000000000000003 1.4 0.2 0.2 0.31562500000000004 0.0
1.0 -1.6 0.2 0.2 0.13750000000000004 0.0
1.0 -1.4000000000000001 0.2 0.2 0.146875 0.0
1.0 -1.2000000000000002 0.2 0.2 0.165625 0.0
1.0 -1.0 0.2 0.2 0.19062500000000002 0.0
1.0 -0.8 0.2 0.2 0.225 0.0
1.0 -0.6000000000000001 0.2 0.2 0.25625 0.0
1.0 -0.3999999999999999 0.2 0.2 0.290625 0.0
1.0 -0.19999999999999996 0.2 0.2 0.31875 0.0
1.0 0.0 0.2 0.2 0.34062500000000007 0.0
1.0 0.19999999999999996 0.2 0.2 0.353125 0.0
1.0 0.3999999999999999 0.2 0.2 0.35625000000000007 0.0
1.0 0.6000000000000001 0.2 0.2 0.353125 0.0
1.0 0.8000000000000003 0.2 0.2 0.34375 0.0
1.0 1.0 0.2 0.2 0.33125000000000004 0.0
1.0 1.2000000000000002 0.2 0.2 0.321875 0.0
1.0 1.4 0.2 0.2 0.31875 0.0
1.2000000000000002 -1.6 0.2 0.2 0.1625 0.0
1.2000000000000002 -1.4000000000000001 0.2 0.2 0.17187500000000003 0.0
1.2000000000000002 -1.2000000000000002 0.2 0.2 0.18750000000000003 0.0
1.2000000000000002 -1.0 0.2 0.2 0.21562500000000004 0.0
1.2000000000000002 -0.8 0.2 0.2 0.24687500000000004 0.0
1.2000000000000002 -0.6000000000000001 0.2 0.2 0.28125 0.0
1.2000000000000002 -0.3999999999999999 0.2 0.2 0.3125 0.0
1.2000000000000002 -0.19999999999999996 0.2 0.2 0.3375 0.0
1.2000000000000002 0.0 0.2 0.2 0.35625000000000007 0.0
1.2000000000000002 0.19999999999999996 0.2 0.2 0.36250000000000004 0.0
1.2000000000000002 0.3999999999999999 0.2 0.2 0.36250000000000004 0.0
1.2000000000000002 0.6000000000000001 0.2 0.2 0.353125 0.0
1.2000000000000002 0.8000000000000003 0.2 0.2 0.34062500000000007 0.0
1.2000000000000002 1.0 0.2 0.2 0.32500000000000007 0.0
1.2000000000000002 1.2000000000000002 0.2 0.2 0.3125 0.0
1.2000000000000002 1.4 0.2 0.2 0.30625 0.0
1.4 -1.6 0.2 0.2 0.18750000000000003 0.0
1.4 -1.4000000000000001 0.2 0.2 0.19375 0.0
1.4 -1.2000000000000002 0.2 0.2 0.21250000000000005 0.0
1.4 -1.0 0.2 0.2 0.23750000000000002 0.0
1.4 -0.8 0.2 0.2 0.26875000000000004 0.0
1.4 -0.6000000000000001 0.2 0.2 0.30000000000000004 0.0
1.4 -0.3999999999999999 0.2 0.2 0.328125 0.0
1.4 -0.19999999999999996 0.2 0.2 0.35 0.0
1.4 0.0 0.2 0.2 0.36250000000000004 0.0
1.4 0.19999999999999996 0.2 0.2 0.365625 0.0
1.4 0.3999999999999999 0.2 0.2 0.359375 0.0
1.4 0.6000000000000001 0.2 0.2 0.34375 0.0
1.4 0.8000000000000003 0.2 0.2 0.321875 0.0
1.4 1.0 0.2 0.2 0.303125 0.0
1.4 1.2000000000000002 0.2 0.2 0.28437500000000004 0.0
1.4 1.4 0.2 0.2 0.28125 0.0
0.44624 -1.29256 0.03609000000000001 0.06593 0.06593 0.06593 0.0 0 0 1 68.70433
-0.4884 0.45863 0.2678950000000001 0.08579 0.08579 0.08579 0.0 0 0 1 85.61991
1.06491 0.01671 0.3269350000000001 0.14137 0.14137 0.14137 0.0 0 0 1 48.28937
-1.12379 0.33548 0.36285 0.1757 0.1757 0.1757 0.0 0 0 1 62.1783
0.26526 -0.93577 0.11506000000000002 0.11137 0.11137 0.11137 0.0 0 0 1 46.16342
-0.16066 -0.30679 0.25141500000000006 0.11533 0.11533 0.11533 0.0 0 0 1 34.45881
1.02134 -0.5785 0.211805 0.11111 0.11111 0.11111 0.0 0 0 1 2.08034
0.95155 0.98883 0.28351000000000004 0.07952 0.07952 0.07952 0.0 0 0 1 26.35628
-0.10794 0.35845 0.31767999999999996 0.19786 0.19786 0.19786 0.0 0 0 1 87.42411
-1.13531 -0.25429 0.3402400000000001 0.18673 0.18673 0.18673 0.0 0 0 1 15.07292
0.80518 -0.62407 0.21688500000000002 0.16502 0.16502 0.16502 0.0 0 0 1 2.93392
-0.52093 1.27248 0.28600500000000006 0.19076 0.19076 0.19076 0.0 0 0 1 13.65241
-0.15602 1.0685 0.20166499999999996 0.09083 0.09083 0.09083 0.0 0 0 1 39.73462
0.67745 1.28927 0.26269 0.11288 0.11288 0.11288 0.0 0 0 1 12.12291
0.14536 0.56376 0.26120999999999994 0.11617 0.11617 0.11617 0.0 0 0 1 49.80487
-0.96054 1.33352 0.33760999999999997 0.18772 0.18772 0.18772 0.0 0 0 1 58.88698
-1.24211 0.06893 0.31062500000000004 0.09625 0.09625 0.09625 0.0 0 0 1 6.38119
-0.79583 -0.11488 0.32519 0.13163 0.13163 0.13163 0.0 0 0 1 60.34335
1.0324 -0.43815 0.23364500000000002 0.08604 0.08604 0.08604 0.0 0 0 1 80.81875
0.1756 -0.84964 0.17686 0.16622 0.16622 0.16622 0.0 0 0 1 63.51201
-0.89508 0.88555 0.3201900000000001 0.11538 0.11538 0.11538 0.0 0 0 1 51.02152
-0.65476 -1.25088 0.12982000000000002 0.07839 0.07839 0.07839 0.0 0 0 1 7.25111
0.85257 -1.13396 0.069465 0.05143 0.05143 0.05143 0.0 0 0 1 81.02344
0.29773 -0.80831 0.11023000000000005 0.05796 0.05796 0.05796 0.0 0 0 1 81.1302
0.84025 -0.54607 0.16664000000000004 0.06453 0.06453 0.06453 0.0 0 0 1 37.00642
0.57431 0.2258 0.27392000000000005 0.10409 0.10409 0.10409 0.0 0 0 1 60.1153
-0.47005 0.18843 0.35631500000000005 0.19388 0.19388 0.19388 0.0 0 0 1 57.17183
0.75818 -0.29947 0.20115000000000002 0.0648 0.0648 0.0648 0.0 0 0 1 57.7174
1.3635 -1.29316 0.13592 0.08434 0.08434 0.08434 0.0 0 0 1 40.9152
-0.91651 -0.91797 0.24341500000000002 0.13683 0.13683 0.13683 0.0 0 0 1 81.84812
-0.69822 -0.2665 0.30245999999999995 0.10492 0.10492 0.10492 0.0 0 0 1 62.27609
-0.67222 -0.28376 0.33858999999999995 0.17718 0.17718 0.17718 0.0 0 0 1 64.96531
-0.709 -0.50259 0.304585 0.14667 0.14667 0.14667 0.0 0 0 1 64.39152
0.41921 0.41843 0.26127 0.09129 0.09129 0.09129 0.0 0 0 1 58.54328
0.05673 -1.35784 0.10005500000000003 0.15011 0.15011 0.15011 0.0 0 0 1 6.62899
-0.42664 1.05264 0.20720499999999994 0.07066 0.07066 0.07066 0.0 0 0 1 59.44658
0.35403 0.32092 0.23691500000000007 0.05508 0.05508 0.05508 0.0 0 0 1 20.79854
-0.98474 -1.15377 0.15378 0.12631 0.12631 0.12631 0.0 0 0 1 9.20449
-0.7327 0.30366 0.308605 0.07346 0.07346 0.07346 0.0 0 0 1 17.27936
-1.04286 -1.14569 0.19971000000000003 0.14942 0.14942 0.14942 0.0 0 0 1 20.13284
-0.1939 1.17764 0.202755 0.09301 0.09301 0.09301 0.0 0 0 1 33.7745
1.28524 0.25694 0.35594499999999996 0.18064 0.18064 0.18064 0.0 0 0 1 66.00387
-1.28879 -1.29968 0.13092499999999999 0.1056 0.1056 0.1056 0.0 0 0 1 69.73715
-0.99849 0.85603 0.29319000000000006 0.06138 0.06138 0.06138 0.0 0 0 1 83.9327
-0.1478 -0.3717 0.27146500000000007 0.15543 0.15543 0.15543 0.0 0 0 1 88.93068
-1.22566 0.97722 0.34899 0.15423 0.15423 0.15423 0.0 0 0 1 40.64873
-0.71638 -0.91233 0.18980500000000003 0.11086 0.11086 0.11086 0.0 0 0 1 31.90334
0.48706 1.34558 0.22043999999999994 0.06588 0.06588 0.06588 0.0 0 0 1 71.02409
0.44905 0.19703 0.29244000000000003 0.16613 0.16613 0.16613 0.0 0 0 1 70.15272
-0.18448 -1.26524 0.10408500000000001 0.12067 0.12067 0.12067 0.0 0 0 1 60.59552
-0.17628 0.58486 0.30293499999999995 0.03087 0.03087 0.03087 1000 0 0 1 26.95438
-0.16987 -0.80177 0.22159500000000001 0.02444 0.02444 0.02444 1000 0 0 1 82.03657
0.40012 -0.76835 0.19531500000000002 0.03438 0.03438 0.03438 1000 0 0 1 76.38283
-0.34791 -0.64549 0.281525 0.0318 0.0318 0.0318 1000 0 0 1 61.00552
0.64483 -0.81284 0.21105500000000002 0.04711 0.04711 0.04711 1000 0 0 1 6.54198
-0.38357 -0.13756 0.32680500000000007 0.03486 0.03486 0.03486 1000 0 0 1 47.85248
-0.20425 -0.85114 0.233255 0.04776 0.04776 0.04776 1000 0 0 1 59.86434
-0.00483 -0.60038 0.244265 0.03853 0.03853 0.03853 1000 0 0 1 43.36216
0.22769 0.37183 0.32631 0.04637 0.04637 0.04637 1000 0 0 1 80.77677
-0.81765 -0.5906 0.317935 0.02337 0.02337 0.02337 1000 0 0 1 41.09676
-0.5962 -0.59165 0.30727 0.03954 0.03954 0.03954 1000 0 0 1 21.60732
-0.54428 0.33406 0.33782000000000006 0.02564 0.02564 0.02564 1000 0 0 1 88.88613
-0.79902 0.22243 0.372815 0.02688 0.02688 0.02688 1000 0 0 1 54.25199
0.39913 0.63562 0.331435 0.03787 0.03787 0.03787 1000 0 0 1 16.04425
-0.81976 -0.00778 0.380445 0.04214 0.04214 0.04214 1000 0 0 1 74.48787
-0.57802 -0.84096 0.26669 0.02088 0.02088 0.02088 1000 0 0 1 49.81948
0.13209 -0.38331 0.25888000000000005 0.02401 0.02401 0.02401 1000 0 0 1 7.12068
-0.62305 0.15173 0.36192 0.04884 0.04884 0.04884 1000 0 0 1 38.74296
-0.83231 -0.23508 0.37154 0.04308 0.04308 0.04308 1000 0 0 1 23.76636
0.13653 0.4554 0.31899999999999995 0.03175 0.03175 0.03175 1000 0 0 1 21.5252
-0.41552 0.43475 0.33230000000000004 0.04585 0.04585 0.04585 1000 0 0 1 21.1107
0.6314 0.35295 0.35041500000000003 0.03833 0.03833 0.03833 1000 0 0 1 46.83954
0.24161 -0.35182 0.26074500000000006 0.02774 0.02774 0.02774 1000 0 0 1 67.36681
0.6273 0.05947 0.325735 0.03897 0.03897 0.03897 1000 0 0 1 11.74697
0.45571 0.03936 0.314635 0.03552 0.03552 0.03552 1000 0 0 1 56.25566
-0.42058 0.54982 0.31044000000000005 0.03338 0.03338 0.03338 1000 0 0 1 1.47245
0.41868 -0.64875 0.23662500000000006 0.04825 0.04825 0.04825 1000 0 0 1 39.34256
0.35311 -0.39038 0.27122500000000005 0.0487 0.0487 0.0487 1000 0 0 1 27.56447
-0.41763 -0.77665 0.25394500000000003 0.03914 0.03914 0.03914 1000 0 0 1 81.62638
0.4469 -0.85417 0.19370500000000002 0.03116 0.03116 0.03116 1000 0 0 1 88.01042
0.15581 0.41576 0.32581499999999997 0.04538 0.04538 0.04538 1000 0 0 1 70.43149
-0.5593 0.5675 0.32520000000000004 0.03165 0.03165 0.03165 1000 0 0 1 18.08995
0.06074 -0.3964 0.27162 0.03074 0.03074 0.03074 1000 0 0 1 60.19536
-0.23263 -0.61776 0.26280500000000007 0.03811 0.03811 0.03811 1000 0 0 1 1.44361
0.36852 -0.00758 0.30908 0.02441 0.02441 0.02441 1000 0 0 1 16.25197
0.02926 0.59565 0.31374500000000005 0.04624 0.04624 0.04624 1000 0 0 1 72.23745
-0.64884 -0.78271 0.27629499999999996 0.04009 0.04009 0.04009 1000 0 0 1 84.28844
0.05082 -0.77352 0.21795 0.0484 0.0484 0.0484 1000 0 0 1 17.99627
-0.59809 0.41454 0.34788500000000006 0.04577 0.04577 0.04577 1000 0 0 1 46.64575
0.62948 -0.44874 0.26374000000000003 0.02123 0.02123 0.02123 1000 0 0 1 43.17216
0.45205 -0.05255 0.31899 0.04423 0.04423 0.04423 1000 0 0 1 6.37715
-0.43265 -0.19808 0.33040500000000006 0.04206 0.04206 0.04206 1000 0 0 1 65.04785
0.57984 -0.03217 0.32938500000000004 0.04627 0.04627 0.04627 1000 0 0 1 11.12039
-0.57739 -0.15206 0.35219500000000004 0.04189 0.04189 0.04189 1000 0 0 1 45.42008
-0.21921 0.59468 0.311395 0.04779 0.04779 0.04779 1000 0 0 1 66.38196
0.58182 -0.21447 0.30832500000000007 0.0479 0.0479 0.0479 1000 0 0 1 13.53
-0.15147 -0.61478 0.25753500000000007 0.02757 0.02757 0.02757 1000 0 0 1 80.86628
0.54052 0.0229 0.323765 0.03503 0.03503 0.03503 1000 0 0 1 59.72709
-0.36795 -0.76693 0.25585 0.04295 0.04295 0.04295 1000 0 0 1 62.99587
-0.64861 0.56459 0.32681000000000004 0.03487 0.03487 0.03487 1000 0 0 1 62.80779
