-1.6 -1.6 0.2 0.2 0.271875 0.0
-1.6 -1.4000000000000001 0.2 0.2 0.26250000000000007 0.0
-1.6 -1.2000000000000002 0.2 0.2 0.24687500000000004 0.0
-1.6 -1.0 0.2 0.2 0.21875000000000003 0.0
-1.6 -0.8 0.2 0.2 0.18750000000000003 0.0
-1.6 -0.6000000000000001 0.2 0.2 0.15312500000000004 0.0
-1.6 -0.3999999999999999 0.2 0.2 0.13750000000000004 0.0
-1.6 -0.19999999999999996 0.2 0.2 0.13437500000000005 0.0
-1.6 0.0 0.2 0.2 0.14375000000000002 0.0
-1.6 0.19999999999999996 0.2 0.2 0.15937500000000002 0.0
-1.6 0.3999999999999999 0.2 0.2 0.178125 0.0
-1.6 0.6000000000000001 0.2 0.2 0.20000000000000004 0.0
-1.6 0.8000000000000003 0.2 0.2 0.21562500000000004 0.0
-1.6 1.0 0.2 0.2 0.225 0.0
-1.6 1.2000000000000002 0.2 0.2 0.21875000000000003 0.0
-1.6 1.4 0.2 0.2 0.20000000000000004 0.0
-1.4000000000000001 -1.6 0.2 0.2 0.27812500000000007 0.0
-1.4000000000000001 -1.4000000000000001 0.2 0.2 0.26875000000000004 0.0
-1.4000000000000001 -1.2000000000000002 0.2 0.2 0.25 0.0
-1.4000000000000001 -1.0 0.2 0.2 0.225 0.0
-1.4000000000000001 -0.8 0.2 0.2 0.19062500000000002 0.0
-1.4000000000000001 -0.6000000000000001 0.2 0.2 0.15937500000000002 0.0
-1.4000000000000001 -0.3999999999999999 0.2 0.2 0.14375000000000002 0.0
-1.4000000000000001 -0.19999999999999996 0.2 0.2 0.13750000000000004 0.0
-1.4000000000000001 0.0 0.2 0.2 0.14375000000000002 0.0
-1.4000000000000001 0.19999999999999996 0.2 0.2 0.15937500000000002 0.0
-1.4000000000000001 0.3999999999999999 0.2 0.2 0.178125 0.0
-1.4000000000000001 0.6000000000000001 0.2 0.2 0.19375 0.0
-1.4000000000000001 0.8000000000000003 0.2 0.2 0.209375 0.0
-1.4000000000000001 1.0 0.2 0.2 0.21875000000000003 0.0
-1.4000000000000001 1.2000000000000002 0.2 0.2 0.21250000000000005 0.0
-1.4000000000000001 1.4 0.2 0.2 0.19375 0.0
-1.2000000000000002 -1.6 0.2 0.2 0.28437500000000004 0.0
-1.2000000000000002 -1.4000000000000001 0.2 0.2 0.275 0.0
-1.2000000000000002 -1.2000000000000002 0.2 0.2 0.259375 0.0
-1.2000000000000002 -1.0 0.2 0.2 0.23437500000000003 0.0
-1.2000000000000002 -0.8 0.2 0.2 0.20000000000000004 0.0
-1.2000000000000002 -0.6000000000000001 0.2 0.2 0.16875000000000004 0.0
-1.2000000000000002 -0.3999999999999999 0.2 0.2 0.15000000000000005 0.0
-1.2000000000000002 -0.19999999999999996 0.2 0.2 0.146875 0.0
-1.2000000000000002 0.0 0.2 0.2 0.15000000000000005 0.0
-1.2000000000000002 0.19999999999999996 0.2 0.2 0.1625 0.0
-1.2000000000000002 0.3999999999999999 0.2 0.2 0.178125 0.0
-1.2000000000000002 0.6000000000000001 0.2 0.2 0.19687500000000005 0.0
-1.2000000000000002 0.8000000000000003 0.2 0.2 0.209375 0.0
-1.2000000000000002 1.0 0.2 0.2 0.21562500000000004 0.0
-1.2000000000000002 1.2000000000000002 0.2 0.2 0.21250000000000005 0.0
-1.2000000000000002 1.4 0.2 0.2 0.19062500000000002 0.0
-1.0 -1.6 0.2 0.2 0.290625 0.0
-1.0 -1.4000000000000001 0.2 0.2 0.28125 0.0
-1.0 -1.2000000000000002 0.2 0.2 0.26875000000000004 0.0
-1.0 -1.0 0.2 0.2 0.24375000000000005 0.0
-1.0 -0.8 0.2 0.2 0.21250000000000005 0.0
-1.0 -0.6000000000000001 0.2 0.2 0.18125000000000005 0.0
-1.0 -0.3999999999999999 0.2 0.2 0.1625 0.0
-1.0 -0.19999999999999996 0.2 0.2 0.15625000000000003 0.0
-1.0 0.0 0.2 0.2 0.1625 0.0
-1.0 0.19999999999999996 0.2 0.2 0.17187500000000003 0.0
-1.0 0.3999999999999999 0.2 0.2 0.18750000000000003 0.0
-1.0 0.6000000000000001 0.2 0.2 0.20312500000000003 0.0
-1.0 0.8000000000000003 0.2 0.2 0.21562500000000004 0.0
-1.0 1.0 0.2 0.2 0.22187500000000002 0.0
-1.0 1.2000000000000002 0.2 0.2 0.21562500000000004 0.0
-1.0 1.4 0.2 0.2 0.19687500000000005 0.0
-0.8 -1.6 0.2 0.2 0.290625 0.0
-0.8 -1.4000000000000001 0.2 0.2 0.2875 0.0
-0.8 -1.2000000000000002 0.2 0.2 0.275 0.0
-0.8 -1.0 0.2 0.2 0.25312500000000004 0.0
-0.8 -0.8 0.2 0.2 0.225 0.0
-0.8 -0.6000000000000001 0.2 0.2 0.19375 0.0
-0.8 -0.3999999999999999 0.2 0.2 0.17500000000000002 0.0
-0.8 -0.19999999999999996 0.2 0.2 0.16875000000000004 0.0
-0.8 0.0 0.2 0.2 0.17500000000000002 0.0
-0.8 0.19999999999999996 0.2 0.2 0.18437500000000004 0.0
-0.8 0.3999999999999999 0.2 0.2 0.20000000000000004 0.0
-0.8 0.6000000000000001 0.2 0.2 0.21562500000000004 0.0
-0.8 0.8000000000000003 0.2 0.2 0.23125000000000004 0.0
-0.8 1.0 0.2 0.2 0.23437500000000003 0.0
-0.8 1.2000000000000002 0.2 0.2 0.23125000000000004 0.0
-0.8 1.4 0.2 0.2 0.209375 0.0
-0.6000000000000001 -1.6 0.2 0.2 0.27812500000000007 0.0
-0.6000000000000001 -1.4000000000000001 0.2 0.2 0.28437500000000004 0.0
-0.6000000000000001 -1.2000000000000002 0.2 0.2 0.27812500000000007 0.0
-0.6000000000000001 -1.0 0.2 0.2 0.259375 0.0
-0.6000000000000001 -0.8 0.2 0.2 0.23125000000000004 0.0
-0.6000000000000001 -0.6000000000000001 0.2 0.2 0.20000000000000004 0.0
-0.6000000000000001 -0.3999999999999999 0.2 0.2 0.18437500000000004 0.0
-0.6000000000000001 -0.19999999999999996 0.2 0.2 0.178125 0.0
-0.6000000000000001 0.0 0.2 0.2 0.18437500000000004 0.0
-0.6000000000000001 0.19999999999999996 0.2 0.2 0.19687500000000005 0.0
-0.6000000000000001 0.3999999999999999 0.2 0.2 0.21250000000000005 0.0
-0.6000000000000001 0.6000000000000001 0.2 0.2 0.23125000000000004 0.0
-0.6000000000000001 0.8000000000000003 0.2 0.2 0.24375000000000005 0.0
-0.6000000000000001 1.0 0.2 0.2 0.25312500000000004 0.0
-0.6000000000000001 1.2000000000000002 0.2 0.2 0.24687500000000004 0.0
-0.6000000000000001 1.4 0.2 0.2 0.22812500000000005 0.0
-0.3999999999999999 -1.6 0.2 0.2 0.25312500000000004 0.0
-0.3999999999999999 -1.4000000000000001 0.2 0.2 0.26250000000000007 0.0
-0.3999999999999999 -1.2000000000000002 0.2 0.2 0.26250000000000007 0.0
-0.3999999999999999 -1.0 0.2 0.2 0.25 0.0
-0.3999999999999999 -0.8 0.2 0.2 0.225 0.0
-0.3999999999999999 -0.6000000000000001 0.2 0.2 0.19375 0.0
-0.3999999999999999 -0.3999999999999999 0.2 0.2 0.178125 0.0
-0.3999999999999999 -0.19999999999999996 0.2 0.2 0.17187500000000003 0.0
-0.3999999999999999 0.0 0.2 0.2 0.178125 0.0
-0.3999999999999999 0.19999999999999996 0.2 0.2 0.19375 0.0
-0.3999999999999999 0.3999999999999999 0.2 0.2 0.209375 0.0
-0.3999999999999999 0.6000000000000001 0.2 0.2 0.22812500000000005 0.0
-0.3999999999999999 0.8000000000000003 0.2 0.2 0.24375000000000005 0.0
-0.3999999999999999 1.0 0.2 0.2 0.25312500000000004 0.0
-0.3999999999999999 1.2000000000000002 0.2 0.2 0.25 0.0
-0.3999999999999999 1.4 0.2 0.2 0.23437500000000003 0.0
-0.19999999999999996 -1.6 0.2 0.2 0.21875000000000003 0.0
-0.19999999999999996 -1.4000000000000001 0.2 0.2 0.23437500000000003 0.0
-0.19999999999999996 -1.2000000000000002 0.2 0.2 0.23750000000000002 0.0
-0.19999999999999996 -1.0 0.2 0.2 0.22812500000000005 0.0
-0.19999999999999996 -0.8 0.2 0.2 0.20625000000000002 0.0
-0.19999999999999996 -0.6000000000000001 0.2 0.2 0.178125 0.0
-0.19999999999999996 -0.3999999999999999 0.2 0.2 0.1625 0.0
-0.19999999999999996 -0.19999999999999996 0.2 0.2 0.15625000000000003 0.0
-0.19999999999999996 0.0 0.2 0.2 0.15937500000000002 0.0
-0.19999999999999996 0.19999999999999996 0.2 0.2 0.178125 0.0
-0.19999999999999996 0.3999999999999999 0.2 0.2 0.19375 0.0
-0.19999999999999996 0.6000000000000001 0.2 0.2 0.21250000000000005 0.0
-0.19999999999999996 0.8000000000000003 0.2 0.2 0.22812500000000005 0.0
-0.19999999999999996 1.0 0.2 0.2 0.240625 0.0
-0.19999999999999996 1.2000000000000002 0.2 0.2 0.240625 0.0
-0.19999999999999996 1.4 0.2 0.2 0.225 0.0
0.0 -1.6 0.2 0.2 0.18750000000000003 0.0
0.0 -1.4000000000000001 0.2 0.2 0.20312500000000003 0.0
0.0 -1.2000000000000002 0.2 0.2 0.209375 0.0
0.0 -1.0 0.2 0.2 0.20312500000000003 0.0
0.0 -0.8 0.2 0.2 0.18437500000000004 0.0
0.0 -0.6000000000000001 0.2 0.2 0.1625 0.0
0.0 -0.3999999999999999 0.2 0.2 0.146875 0.0
0.0 -0.19999999999999996 0.2 0.2 0.14375000000000002 0.0
0.0 0.0 0.2 0.2 0.146875 0.0
0.0 0.19999999999999996 0.2 0.2 0.15625000000000003 0.0
0.0 0.3999999999999999 0.2 0.2 0.17187500000000003 0.0
0.0 0.6000000000000001 0.2 0.2 0.19062500000000002 0.0
0.0 0.8000000000000003 0.2 0.2 0.20625000000000002 0.0
0.0 1.0 0.2 0.2 0.21875000000000003 0.0
0.0 1.2000000000000002 0.2 0.2 0.22187500000000002 0.0
0.0 1.4 0.2 0.2 0.21250000000000005 0.0
0.19999999999999996 -1.6 0.2 0.2 0.15625000000000003 0.0
0.19999999999999996 -1.4000000000000001 0.2 0.2 0.17500000000000002 0.0
0.19999999999999996 -1.2000000000000002 0.2 0.2 0.18437500000000004 0.0
0.19999999999999996 -1.0 0.2 0.2 0.18125000000000005 0.0
0.19999999999999996 -0.8 0.2 0.2 0.16562500000000005 0.0
0.19999999999999996 -0.6000000000000001 0.2 0.2 0.14375000000000002 0.0
0.19999999999999996 -0.3999999999999999 0.2 0.2 0.13125 0.0
0.19999999999999996 -0.19999999999999996 0.2 0.2 0.12500000000000003 0.0
0.19999999999999996 0.0 0.2 0.2 0.12500000000000003 0.0
0.19999999999999996 0.19999999999999996 0.2 0.2 0.13437500000000005 0.0
0.19999999999999996 0.3999999999999999 0.2 0.2 0.146875 0.0
0.19999999999999996 0.6000000000000001 0.2 0.2 0.16562500000000005 0.0
0.19999999999999996 0.8000000000000003 0.2 0.2 0.18125000000000005 0.0
0.19999999999999996 1.0 0.2 0.2 0.19375 0.0
0.19999999999999996 1.2000000000000002 0.2 0.2 0.20312500000000003 0.0
0.19999999999999996 1.4 0.2 0.2 0.19687500000000005 0.0
0.3999999999999999 -1.6 0.2 0.2 0.14062500000000003 0.0
0.3999999999999999 -1.4000000000000001 0.2 0.2 0.15625000000000003 0.0
0.3999999999999999 -1.2000000000000002 0.2 0.2 0.16562500000000005 0.0
0.3999999999999999 -1.0 0.2 0.2 0.1625 0.0
0.3999999999999999 -0.8 0.2 0.2 0.15312500000000004 0.0
0.3999999999999999 -0.6000000000000001 0.2 0.2 0.13437500000000005 0.0
0.3999999999999999 -0.3999999999999999 0.2 0.2 0.11875000000000005 0.0
0.3999999999999999 -0.19999999999999996 0.2 0.2 0.11250000000000002 0.0
0.3999999999999999 0.0 0.2 0.2 0.10937500000000003 0.0
0.3999999999999999 0.19999999999999996 0.2 0.2 0.115625 0.0
0.3999999999999999 0.3999999999999999 0.2 0.2 0.12812500000000002 0.0
0.3999999999999999 0.6000000000000001 0.2 0.2 0.14062500000000003 0.0
0.3999999999999999 0.8000000000000003 0.2 0.2 0.15625000000000003 0.0
0.3999999999999999 1.0 0.2 0.2 0.17187500000000003 0.0
0.3999999999999999 1.2000000000000002 0.2 0.2 0.18125000000000005 0.0
0.3999999999999999 1.4 0.2 0.2 0.18437500000000004 0.0
0.6000000000000001 -1.6 0.2 0.2 0.13437500000000005 0.0
0.6000000000000001 -1.4000000000000001 0.2 0.2 0.146875 0.0
0.6000000000000001 -1.2000000000000002 0.2 0.2 0.15625000000000003 0.0
0.6000000000000001 -1.0 0.2 0.2 0.15312500000000004 0.0
0.6000000000000001 -0.8 0.2 0.2 0.146875 0.0
0.6000000000000001 -0.6000000000000001 0.2 0.2 0.13125 0.0
0.6000000000000001 -0.3999999999999999 0.2 0.2 0.115625 0.0
0.6000000000000001 -0.19999999999999996 0.2 0.2 0.10625000000000004 0.0
0.6000000000000001 0.0 0.2 0.2 0.103125 0.0
0.6000000000000001 0.19999999999999996 0.2 0.2 0.103125 0.0
0.6000000000000001 0.3999999999999999 0.2 0.2 0.11250000000000002 0.0
0.6000000000000001 0.6000000000000001 0.2 0.2 0.12187500000000004 0.0
0.6000000000000001 0.8000000000000003 0.2 0.2 0.13750000000000004 0.0
0.6000000000000001 1.0 0.2 0.2 0.15312500000000004 0.0
0.6000000000000001 1.2000000000000002 0.2 0.2 0.16562500000000005 0.0
0.6000000000000001 1.4 0.2 0.2 0.17187500000000003 0.0
0.8000000000000003 -1.6 0.2 0.2 0.14062500000000003 0.0
0.8000000000000003 -1.4000000000000001 0.2 0.2 0.15000000000000005 0.0
0.8000000000000003 -1.2000000000000002 0.2 0.2 0.15625000000000003 0.0
0.8000000000000003 -1.0 0.2 0.2 0.15625000000000003 0.0
0.8000000000000003 -0.8 0.2 0.2 0.15000000000000005 0.0
0.8000000000000003 -0.6000000000000001 0.2 0.2 0.13437500000000005 0.0
0.8000000000000003 -0.3999999999999999 0.2 0.2 0.12187500000000004 0.0
0.8000000000000003 -0.19999999999999996 0.2 0.2 0.10937500000000003 0.0
0.8000000000000003 0.0 0.2 0.2 0.103125 0.0
0.8000000000000003 0.19999999999999996 0.2 0.2 0.1 0.0
0.8000000000000003 0.3999999999999999 0.2 0.2 0.103125 0.0
0.8000000000000003 0.6000000000000001 0.2 0.2 0.11250000000000002 0.0
0.8000000000000003 0.8000000000000003 0.2 0.2 0.12812500000000002 0.0
0.8000000000000003 1.0 0.2 0.2 0.14375000000000002 0.0
0.8000000000000003 1.2000000000000002 0.2 0.2 0.15937500000000002 0.0
0.8000000000000003 1.4 0.2 0.2 0.16875000000000004 0.0
1.0 -1.6 0.2 0.2 0.1625 0.0
1.0 -1.4000000000000001 0.2 0.2 0.16875000000000004 0.0
1.0 -1.2000000000000002 0.2 0.2 0.16875000000000004 0.0
1.0 -1.0 0.2 0.2 0.16875000000000004 0.0
1.0 -0.8 0.2 0.2 0.1625 0.0
1.0 -0.6000000000000001 0.2 0.2 0.15312500000000004 0.0
1.0 -0.3999999999999999 0.2 0.2 0.13750000000000004 0.0
1.0 -0.19999999999999996 0.2 0.2 0.12500000000000003 0.0
1.0 0.0 0.2 0.2 0.11250000000000002 0.0
1.0 0.19999999999999996 0.2 0.2 0.10625000000000004 0.0
1.0 0.3999999999999999 0.2 0.2 0.10937500000000003 0.0
1.0 0.6000000000000001 0.2 0.2 0.115625 0.0
1.0 0.8000000000000003 0.2 0.2 0.12812500000000002 0.0
1.0 1.0 0.2 0.2 0.14375000000000002 0.0
1.0 1.2000000000000002 0.2 0.2 0.15937500000000002 0.0
1.0 1.4 0.2 0.2 0.17500000000000002 0.0
1.2000000000000002 -1.6 0.2 0.2 0.19062500000000002 0.0
1.2000000000000002 -1.4000000000000001 0.2 0.2 0.19375 0.0
1.2000000000000002 -1.2000000000000002 0.2 0.2 0.19375 0.0
1.2000000000000002 -1.0 0.2 0.2 0.19062500000000002 0.0
1.2000000000000002 -0.8 0.2 0.2 0.18750000000000003 0.0
1.2000000000000002 -0.6000000000000001 0.2 0.2 0.178125 0.0
1.2000000000000002 -0.3999999999999999 0.2 0.2 0.1625 0.0
1.2000000000000002 -0.19999999999999996 0.2 0.2 0.146875 0.0
1.2000000000000002 0.0 0.2 0.2 0.13437500000000005 0.0
1.2000000000000002 0.19999999999999996 0.2 0.2 0.12500000000000003 0.0
1.2000000000000002 0.3999999999999999 0.2 0.2 0.12500000000000003 0.0
1.2000000000000002 0.6000000000000001 0.2 0.2 0.12812500000000002 0.0
1.2000000000000002 0.8000000000000003 0.2 0.2 0.14062500000000003 0.0
1.2000000000000002 1.0 0.2 0.2 0.15625000000000003 0.0
1.2000000000000002 1.2000000000000002 0.2 0.2 0.17187500000000003 0.0
1.2000000000000002 1.4 0.2 0.2 0.19062500000000002 0.0
1.4 -1.6 0.2 0.2 0.22812500000000005 0.0
1.4 -1.4000000000000001 0.2 0.2 0.22812500000000005 0.0
1.4 -1.2000000000000002 0.2 0.2 0.22812500000000005 0.0
1.4 -1.0 0.2 0.2 0.225 0.0
1.4 -0.8 0.2 0.2 0.21875000000000003 0.0
1.4 -0.6000000000000001 0.2 0.2 0.209375 0.0
1.4 -0.3999999999999999 0.2 0.2 0.19687500000000005 0.0
1.4 -0.19999999999999996 0.2 0.2 0.178125 0.0
1.4 0.0 0.2 0.2 0.16562500000000005 0.0
1.4 0.19999999999999996 0.2 0.2 0.15625000000000003 0.0
1.4 0.3999999999999999 0.2 0.2 0.15312500000000004 0.0
1.4 0.6000000000000001 0.2 0.2 0.15625000000000003 0.0
1.4 0.8000000000000003 0.2 0.2 0.16562500000000005 0.0
1.4 1.0 0.2 0.2 0.18125000000000005 0.0
1.4 1.2000000000000002 0.2 0.2 0.20000000000000004 0.0
1.4 1.4 0.2 0.2 0.21875000000000003 0.0
-0.56377 0.98565 0.22401000000000001 0.14177 0.14177 0.14177 0.0 0 0 1 60.20871
1.29935 0.63784 0.13455000000000003 0.1566 0.1566 0.1566 0.0 0 0 1 54.15
0.23137 1.39152 0.20285499999999998 0.16196 0.16196 0.16196 0.0 0 0 1 50.79626
1.35738 -0.10372 0.13403 0.11181 0.11181 0.11181 0.0 0 0 1 52.82603
1.17598 -1.0934 0.13697 0.08644 0.08644 0.08644 0.0 0 0 1 60.62352
0.57535 -1.33499 0.16534000000000001 0.18068 0.18068 0.18068 0.0 0 0 1 3.87318
-0.80104 0.12265 0.10269500000000001 0.05539 0.05539 0.05539 0.0 0 0 1 14.04331
-1.34224 -0.02394 0.112455 0.13741 0.13741 0.13741 0.0 0 0 1 74.37133
0.74831 0.47275 0.06531 0.10562 0.10562 0.10562 0.0 0 0 1 33.6614
-0.97633 1.26026 0.14310000000000003 0.05495 0.05495 0.05495 0.0 0 0 1 76.07614
1.01054 0.64284 0.08404999999999999 0.13685 0.13685 0.13685 0.0 0 0 1 58.53117
0.93686 -0.03879 0.07056000000000004 0.09112 0.09112 0.09112 0.0 0 0 1 32.06926
0.09639 0.96726 0.21366500000000008 0.17108 0.17108 0.17108 0.0 0 0 1 12.47232
-1.00197 -0.69718 0.20779500000000004 0.19059 0.19059 0.19059 0.0 0 0 1 12.70214
-1.07771 -0.391 0.145035 0.16507 0.16507 0.16507 0.0 0 0 1 35.43562
1.05822 0.35756 0.06633000000000003 0.11391 0.11391 0.11391 0.0 0 0 1 52.21672
-1.3606 0.36204 0.13906 0.12187 0.12187 0.12187 0.0 0 0 1 19.53261
0.91425 0.62351 0.08533000000000004 0.12691 0.12691 0.12691 0.0 0 0 1 19.98561
1.06198 -1.25606 0.12987500000000005 0.12225 0.12225 0.12225 0.0 0 0 1 74.87104
0.09627 1.28714 0.24015499999999998 0.19906 0.19906 0.19906 0.0 0 0 1 8.07077
0.69739 0.23034 0.044344999999999996 0.08244 0.08244 0.08244 0.0 0 0 1 1.98372
0.95632 -0.70023 0.09681999999999999 0.06864 0.06864 0.06864 0.0 0 0 1 44.79374
-0.81459 -1.05024 0.22178500000000004 0.09357 0.09357 0.09357 0.0 0 0 1 7.72
-0.86087 1.14316 0.18747500000000003 0.1062 0.1062 0.1062 0.0 0 0 1 8.21387
-0.41871 -0.46436 0.19259500000000004 0.18519 0.18519 0.18519 0.0 0 0 1 62.71154
0.24103 0.44528 0.14231500000000002 0.14088 0.14088 0.14088 0.0 0 0 1 11.35387
0.52526 -0.01895 0.10059000000000004 0.15118 0.15118 0.15118 0.0 0 0 1 35.59977
-0.86675 0.38301 0.177355 0.17971 0.17971 0.17971 0.0 0 0 1 17.48641
1.16798 -1.14338 0.168305 0.14911 0.14911 0.14911 0.0 0 0 1 37.85539
0.43667 0.56986 0.08136000000000002 0.06897 0.06897 0.06897 0.0 0 0 1 24.54239
0.03567 -1.05718 0.19870000000000002 0.1224 0.1224 0.1224 0.0 0 0 1 45.1211
-0.41702 0.45791 0.16788500000000003 0.11077 0.11077 0.11077 0.0 0 0 1 48.1941
-0.57934 -0.78634 0.173015 0.08353 0.08353 0.08353 0.0 0 0 1 76.3256
-0.51523 0.75589 0.17729000000000003 0.06708 0.06708 0.06708 0.0 0 0 1 35.32964
1.33408 0.45136 0.12217500000000003 0.1381 0.1381 0.1381 0.0 0 0 1 22.76661
0.92108 -0.54256 0.13562500000000002 0.165 0.165 0.165 0.0 0 0 1 86.67145
0.85487 -0.96529 0.11841000000000002 0.12432 0.12432 0.12432 0.0 0 0 1 39.31281
0.41334 0.88945 0.14157500000000003 0.12065 0.12065 0.12065 0.0 0 0 1 10.93716
-0.93649 -0.73092 0.22470500000000002 0.19941 0.19941 0.19941 0.0 0 0 1 10.17112
0.60126 0.58211 0.103905 0.15156 0.15156 0.15156 0.0 0 0 1 22.21367
-0.61513 -0.53416 0.16060500000000003 0.12121 0.12121 0.12121 0.0 0 0 1 64.25261
-1.26786 0.55761 0.193615 0.19973 0.19973 0.19973 0.0 0 0 1 79.29372
1.21677 0.74618 0.06954000000000002 0.05783 0.05783 0.05783 0.0 0 0 1 28.09562
1.26642 -0.14942 0.08421500000000001 0.07468 0.07468 0.07468 0.0 0 0 1 49.711
0.66239 -0.41467 0.12576500000000004 0.18278 0.18278 0.18278 0.0 0 0 1 11.68938
0.724 -0.93925 0.08620000000000003 0.06615 0.06615 0.06615 0.0 0 0 1 67.1165
-0.40481 -0.11531 0.12489999999999998 0.09355 0.09355 0.09355 0.0 0 0 1 88.88513
0.71149 0.11872 0.06866500000000003 0.11858 0.11858 0.11858 0.0 0 0 1 39.40449
-0.45593 1.36657 0.22381500000000001 0.14763 0.14763 0.14763 0.0 0 0 1 69.46071
-0.33513 -1.23139 0.22042000000000003 0.07209 0.07209 0.07209 0.0 0 0 1 14.70783
-0.63769 -0.84759 0.24810500000000005 0.03371 0.03371 0.03371 1000 0 0 1 13.43166
-0.41149 0.17921 0.217385 0.04727 0.04727 0.04727 1000 0 0 1 15.33238
-0.40216 0.60776 0.24412000000000006 0.03199 0.03199 0.03199 1000 0 0 1 81.53044
0.03063 0.60782 0.21199500000000002 0.04274 0.04274 0.04274 1000 0 0 1 49.43312
-0.63773 0.55629 0.24442000000000003 0.02634 0.02634 0.02634 1000 0 0 1 47.69223
-0.82828 0.02482 0.18848 0.02696 0.02696 0.02696 1000 0 0 1 82.62026
0.05884 0.47337 0.18406500000000003 0.02438 0.02438 0.02438 1000 0 0 1 70.63886
0.21841 0.35149 0.16269 0.03163 0.03163 0.03163 1000 0 0 1 14.4327
0.43864 -0.18273 0.12871500000000002 0.03243 0.03243 0.03243 1000 0 0 1 50.40309
0.24608 -0.55859 0.160535 0.03357 0.03357 0.03357 1000 0 0 1 27.34162
0.02926 0.36278 0.18742000000000003 0.03109 0.03109 0.03109 1000 0 0 1 85.04291
-0.57265 0.54662 0.25406000000000006 0.04562 0.04562 0.04562 1000 0 0 1 76.84157
0.62463 -0.17062 0.13087000000000004 0.04924 0.04924 0.04924 1000 0 0 1 38.58973
-0.75223 0.60507 0.23574500000000004 0.04024 0.04024 0.04024 1000 0 0 1 60.75458
0.35416 -0.76647 0.16390000000000005 0.02155 0.02155 0.02155 1000 0 0 1 76.87781
0.55548 -0.56513 0.15079 0.03908 0.03908 0.03908 1000 0 0 1 85.94793
-0.36159 0.6254 0.25037000000000004 0.04449 0.04449 0.04449 1000 0 0 1 33.207
0.1956 0.59492 0.18580500000000005 0.04036 0.04036 0.04036 1000 0 0 1 51.19768
-0.64588 0.0084 0.19818500000000003 0.02762 0.02762 0.02762 1000 0 0 1 56.42867
-0.57904 -0.40691 0.20389000000000004 0.03903 0.03903 0.03903 1000 0 0 1 48.51159
0.18933 -0.5767 0.16336 0.03922 0.03922 0.03922 1000 0 0 1 14.31012
-0.22282 0.39116 0.215625 0.04375 0.04375 0.04375 1000 0 0 1 63.6467
0.54948 -0.82817 0.1612 0.02865 0.02865 0.02865 1000 0 0 1 43.12208
-0.53535 -0.66465 0.21255500000000005 0.02511 0.02511 0.02511 1000 0 0 1 55.09793
-0.15794 -0.37171 0.187465 0.04993 0.04993 0.04993 1000 0 0 1 67.32263
-0.66303 -0.39202 0.19808000000000003 0.02741 0.02741 0.02741 1000 0 0 1 88.62254
-0.19348 -0.64752 0.20154 0.04683 0.04683 0.04683 1000 0 0 1 63.11015
-0.20438 -0.79668 0.22959500000000002 0.04669 0.04669 0.04669 1000 0 0 1 68.22418
-0.60439 -0.3681 0.20129500000000003 0.03384 0.03384 0.03384 1000 0 0 1 59.01238
0.43055 -0.81759 0.17029500000000003 0.03434 0.03434 0.03434 1000 0 0 1 27.00768
-0.76372 -0.35237 0.19044500000000003 0.03089 0.03089 0.03089 1000 0 0 1 47.06611
-0.34692 -0.66895 0.203995 0.02049 0.02049 0.02049 1000 0 0 1 74.15947
0.35415 0.16032 0.134745 0.03824 0.03824 0.03824 1000 0 0 1 52.57804
-0.14204 -0.33017 0.176605 0.02821 0.02821 0.02821 1000 0 0 1 30.60811
0.45005 0.3818 0.13916 0.02207 0.02207 0.02207 1000 0 0 1 60.57618
-0.64848 0.43395 0.23513500000000004 0.04527 0.04527 0.04527 1000 0 0 1 64.38762
-0.82846 -0.01603 0.19731 0.04462 0.04462 0.04462 1000 0 0 1 54.89429
0.62888 0.13278 0.11390499999999999 0.02156 0.02156 0.02156 1000 0 0 1 63.76778
0.37623 -0.83429 0.16607500000000003 0.0259 0.0259 0.0259 1000 0 0 1 36.92097
0.03692 -0.56888 0.18027 0.03554 0.03554 0.03554 1000 0 0 1 58.0811
-0.20446 -0.36072 0.18338000000000002 0.04176 0.04176 0.04176 1000 0 0 1 49.71568
0.42028 -0.75318 0.17805000000000004 0.04985 0.04985 0.04985 1000 0 0 1 61.20835
-0.75231 0.66192 0.23276000000000005 0.03427 0.03427 0.03427 1000 0 0 1 86.06219
0.38946 -0.58403 0.15128000000000005 0.03381 0.03381 0.03381 1000 0 0 1 47.34231
0.43092 -0.55001 0.14438000000000006 0.02001 0.02001 0.02001 1000 0 0 1 81.60301
-0.38068 0.37156 0.23314000000000001 0.04753 0.04753 0.04753 1000 0 0 1 79.06507
-0.37261 -0.58544 0.213625 0.03975 0.03975 0.03975 1000 0 0 1 50.06548
0.5491 -0.75634 0.167735 0.04172 0.04172 0.04172 1000 0 0 1 87.38967
-0.75486 0.38271 0.21222000000000005 0.02444 0.02444 0.02444 1000 0 0 1 79.66147
0.14947 -0.46978 0.145645 0.02879 0.02879 0.02879 1000 0 0 1 46.95938
