-1.6 -1.6 0.2 0.2 0.234375 0.0
-1.6 -1.4000000000000001 0.2 0.2 0.246875 0.0
-1.6 -1.2000000000000002 0.2 0.2 0.253125 0.0
-1.6 -1.0 0.2 0.2 0.253125 0.0
-1.6 -0.8 0.2 0.2 0.246875 0.0
-1.6 -0.6000000000000001 0.2 0.2 0.234375 0.0
-1.6 -0.3999999999999999 0.2 0.2 0.22500000000000003 0.0
-1.6 -0.19999999999999996 0.2 0.2 0.21250000000000002 0.0
-1.6 0.0 0.2 0.2 0.2 0.0
-1.6 0.19999999999999996 0.2 0.2 0.1875 0.0
-1.6 0.3999999999999999 0.2 0.2 0.175 0.0
-1.6 0.6000000000000001 0.2 0.2 0.159375 0.0
-1.6 0.8000000000000003 0.2 0.2 0.14687499999999998 0.0
-1.6 1.0 0.2 0.2 0.13124999999999998 0.0
-1.6 1.2000000000000002 0.2 0.2 0.11562499999999998 0.0
-1.6 1.4 0.2 0.2 0.1 0.0
-1.4000000000000001 -1.6 0.2 0.2 0.28750000000000003 0.0
-1.4000000000000001 -1.4000000000000001 0.2 0.2 0.290625 0.0
-1.4000000000000001 -1.2000000000000002 0.2 0.2 0.28750000000000003 0.0
-1.4000000000000001 -1.0 0.2 0.2 0.275 0.0
-1.4000000000000001 -0.8 0.2 0.2 0.25625000000000003 0.0
-1.4000000000000001 -0.6000000000000001 0.2 0.2 0.2375 0.0
-1.4000000000000001 -0.3999999999999999 0.2 0.2 0.21875 0.0
-1.4000000000000001 -0.19999999999999996 0.2 0.2 0.20625 0.0
-1.4000000000000001 0.0 0.2 0.2 0.19687500000000002 0.0
-1.4000000000000001 0.19999999999999996 0.2 0.2 0.1875 0.0
-1.4000000000000001 0.3999999999999999 0.2 0.2 0.18125000000000002 0.0
-1.4000000000000001 0.6000000000000001 0.2 0.2 0.171875 0.0
-1.4000000000000001 0.8000000000000003 0.2 0.2 0.16562500000000002 0.0
-1.4000000000000001 1.0 0.2 0.2 0.15625 0.0
-1.4000000000000001 1.2000000000000002 0.2 0.2 0.14375 0.0
-1.4000000000000001 1.4 0.2 0.2 0.128125 0.0
-1.2000000000000002 -1.6 0.2 0.2 0.3375 0.0
-1.2000000000000002 -1.4000000000000001 0.2 0.2 0.33437500000000003 0.0
-1.2000000000000002 -1.2000000000000002 0.2 0.2 0.31875000000000003 0.0
-1.2000000000000002 -1.0 0.2 0.2 0.29375 0.0
-1.2000000000000002 -0.8 0.2 0.2 0.265625 0.0
-1.2000000000000002 -0.6000000000000001 0.2 0.2 0.2375 0.0
-1.2000000000000002 -0.3999999999999999 0.2 0.2 0.21875 0.0
-1.2000000000000002 -0.19999999999999996 0.2 0.2 0.20625 0.0
-1.2000000000000002 0.0 0.2 0.2 0.19687500000000002 0.0
-1.2000000000000002 0.19999999999999996 0.2 0.2 0.19375000000000003 0.0
-1.2000000000000002 0.3999999999999999 0.2 0.2 0.19375000000000003 0.0
-1.2000000000000002 0.6000000000000001 0.2 0.2 0.19375000000000003 0.0
-1.2000000000000002 0.8000000000000003 0.2 0.2 0.19375000000000003 0.0
-1.2000000000000002 1.0 0.2 0.2 0.19375000000000003 0.0
-1.2000000000000002 1.2000000000000002 0.2 0.2 0.184375 0.0
-1.2000000000000002 1.4 0.2 0.2 0.16875 0.0
-1.0 -1.6 0.2 0.2 0.37812499999999993 0.0
-1.0 -1.4000000000000001 0.2 0.2 0.3687499999999999 0.0
-1.0 -1.2000000000000002 0.2 0.2 0.34375 0.0
-1.0 -1.0 0.2 0.2 0.309375 0.0
-1.0 -0.8 0.2 0.2 0.27187500000000003 0.0
-1.0 -0.6000000000000001 0.2 0.2 0.24062500000000003 0.0
-1.0 -0.3999999999999999 0.2 0.2 0.21875 0.0
-1.0 -0.19999999999999996 0.2 0.2 0.20625 0.0
-1.0 0.0 0.2 0.2 0.203125 0.0
-1.0 0.19999999999999996 0.2 0.2 0.20625 0.0
-1.0 0.3999999999999999 0.2 0.2 0.21250000000000002 0.0
-1.0 0.6000000000000001 0.2 0.2 0.221875 0.0
-1.0 0.8000000000000003 0.2 0.2 0.22812500000000002 0.0
-1.0 1.0 0.2 0.2 0.23125 0.0
-1.0 1.2000000000000002 0.2 0.2 0.22812500000000002 0.0
-1.0 1.4 0.2 0.2 0.21250000000000002 0.0
-0.8 -1.6 0.2 0.2 0.40625 0.0
-0.8 -1.4000000000000001 0.2 0.2 0.38749999999999996 0.0
-0.8 -1.2000000000000002 0.2 0.2 0.35624999999999996 0.0
-0.8 -1.0 0.2 0.2 0.315625 0.0
-0.8 -0.8 0.2 0.2 0.275 0.0
-0.8 -0.6000000000000001 0.2 0.2 0.24062500000000003 0.0
-0.8 -0.3999999999999999 0.2 0.2 0.21875 0.0
-0.8 -0.19999999999999996 0.2 0.2 0.20937500000000003 0.0
-0.8 0.0 0.2 0.2 0.20937500000000003 0.0
-0.8 0.19999999999999996 0.2 0.2 0.215625 0.0
-0.8 0.3999999999999999 0.2 0.2 0.23125 0.0
-0.8 0.6000000000000001 0.2 0.2 0.246875 0.0
-0.8 0.8000000000000003 0.2 0.2 0.259375 0.0
-0.8 1.0 0.2 0.2 0.26875 0.0
-0.8 1.2000000000000002 0.2 0.2 0.265625 0.0
-0.8 1.4 0.2 0.2 0.25 0.0
-0.6000000000000001 -1.6 0.2 0.2 0.4125 0.0
-0.6000000000000001 -1.4000000000000001 0.2 0.2 0.390625 0.0
-0.6000000000000001 -1.2000000000000002 0.2 0.2 0.353125 0.0
-0.6000000000000001 -1.0 0.2 0.2 0.3125 0.0
-0.6000000000000001 -0.8 0.2 0.2 0.26875 0.0
-0.6000000000000001 -0.6000000000000001 0.2 0.2 0.234375 0.0
-0.6000000000000001 -0.3999999999999999 0.2 0.2 0.21250000000000002 0.0
-0.6000000000000001 -0.19999999999999996 0.2 0.2 0.20625 0.0
-0.6000000000000001 0.0 0.2 0.2 0.20937500000000003 0.0
-0.6000000000000001 0.19999999999999996 0.2 0.2 0.221875 0.0
-0.6000000000000001 0.3999999999999999 0.2 0.2 0.24062500000000003 0.0
-0.6000000000000001 0.6000000000000001 0.2 0.2 0.259375 0.0
-0.6000000000000001 0.8000000000000003 0.2 0.2 0.278125 0.0
-0.6000000000000001 1.0 0.2 0.2 0.290625 0.0
-0.6000000000000001 1.2000000000000002 0.2 0.2 0.290625 0.0
-0.6000000000000001 1.4 0.2 0.2 0.278125 0.0
-0.3999999999999999 -1.6 0.2 0.2 0.40312499999999996 0.0
-0.3999999999999999 -1.4000000000000001 0.2 0.2 0.375 0.0
-0.3999999999999999 -1.2000000000000002 0.2 0.2 0.33437500000000003 0.0
-0.3999999999999999 -1.0 0.2 0.2 0.290625 0.0
-0.3999999999999999 -0.8 0.2 0.2 0.246875 0.0
-0.3999999999999999 -0.6000000000000001 0.2 0.2 0.215625 0.0
-0.3999999999999999 -0.3999999999999999 0.2 0.2 0.19687500000000002 0.0
-0.3999999999999999 -0.19999999999999996 0.2 0.2 0.19375000000000003 0.0
-0.3999999999999999 0.0 0.2 0.2 0.2 0.0
-0.3999999999999999 0.19999999999999996 0.2 0.2 0.215625 0.0
-0.3999999999999999 0.3999999999999999 0.2 0.2 0.2375 0.0
-0.3999999999999999 0.6000000000000001 0.2 0.2 0.2625 0.0
-0.3999999999999999 0.8000000000000003 0.2 0.2 0.284375 0.0
-0.3999999999999999 1.0 0.2 0.2 0.3 0.0
-0.3999999999999999 1.2000000000000002 0.2 0.2 0.30312500000000003 0.0
-0.3999999999999999 1.4 0.2 0.2 0.290625 0.0
-0.19999999999999996 -1.6 0.2 0.2 0.3843749999999999 0.0
-0.19999999999999996 -1.4000000000000001 0.2 0.2 0.346875 0.0
-0.19999999999999996 -1.2000000000000002 0.2 0.2 0.30625 0.0
-0.19999999999999996 -1.0 0.2 0.2 0.259375 0.0
-0.19999999999999996 -0.8 0.2 0.2 0.21875 0.0
-0.19999999999999996 -0.6000000000000001 0.2 0.2 0.190625 0.0
-0.19999999999999996 -0.3999999999999999 0.2 0.2 0.17812500000000003 0.0
-0.19999999999999996 -0.19999999999999996 0.2 0.2 0.171875 0.0
-0.19999999999999996 0.0 0.2 0.2 0.17812500000000003 0.0
-0.19999999999999996 0.19999999999999996 0.2 0.2 0.203125 0.0
-0.19999999999999996 0.3999999999999999 0.2 0.2 0.22500000000000003 0.0
-0.19999999999999996 0.6000000000000001 0.2 0.2 0.25 0.0
-0.19999999999999996 0.8000000000000003 0.2 0.2 0.275 0.0
-0.19999999999999996 1.0 0.2 0.2 0.29375 0.0
-0.19999999999999996 1.2000000000000002 0.2 0.2 0.30312500000000003 0.0
-0.19999999999999996 1.4 0.2 0.2 0.296875 0.0
0.0 -1.6 0.2 0.2 0.35624999999999996 0.0
0.0 -1.4000000000000001 0.2 0.2 0.315625 0.0
0.0 -1.2000000000000002 0.2 0.2 0.27187500000000003 0.0
0.0 -1.0 0.2 0.2 0.22812500000000002 0.0
0.0 -0.8 0.2 0.2 0.190625 0.0
0.0 -0.6000000000000001 0.2 0.2 0.16875 0.0
0.0 -0.3999999999999999 0.2 0.2 0.15625 0.0
0.0 -0.19999999999999996 0.2 0.2 0.16250000000000003 0.0
0.0 0.0 0.2 0.2 0.16562500000000002 0.0
0.0 0.19999999999999996 0.2 0.2 0.184375 0.0
0.0 0.3999999999999999 0.2 0.2 0.20937500000000003 0.0
0.0 0.6000000000000001 0.2 0.2 0.234375 0.0
0.0 0.8000000000000003 0.2 0.2 0.259375 0.0
0.0 1.0 0.2 0.2 0.28125 0.0
0.0 1.2000000000000002 0.2 0.2 0.296875 0.0
0.0 1.4 0.2 0.2 0.29375 0.0
0.19999999999999996 -1.6 0.2 0.2 0.321875 0.0
0.19999999999999996 -1.4000000000000001 0.2 0.2 0.28125 0.0
0.19999999999999996 -1.2000000000000002 0.2 0.2 0.2375 0.0
0.19999999999999996 -1.0 0.2 0.2 0.2 0.0
0.19999999999999996 -0.8 0.2 0.2 0.16875 0.0
0.19999999999999996 -0.6000000000000001 0.2 0.2 0.153125 0.0
0.19999999999999996 -0.3999999999999999 0.2 0.2 0.14375 0.0
0.19999999999999996 -0.19999999999999996 0.2 0.2 0.14375 0.0
0.19999999999999996 0.0 0.2 0.2 0.153125 0.0
0.19999999999999996 0.19999999999999996 0.2 0.2 0.16875 0.0
0.19999999999999996 0.3999999999999999 0.2 0.2 0.190625 0.0
0.19999999999999996 0.6000000000000001 0.2 0.2 0.215625 0.0
0.19999999999999996 0.8000000000000003 0.2 0.2 0.24062500000000003 0.0
0.19999999999999996 1.0 0.2 0.2 0.265625 0.0
0.19999999999999996 1.2000000000000002 0.2 0.2 0.28125 0.0
0.19999999999999996 1.4 0.2 0.2 0.28750000000000003 0.0
0.3999999999999999 -1.6 0.2 0.2 0.28750000000000003 0.0
0.3999999999999999 -1.4000000000000001 0.2 0.2 0.25 0.0
0.3999999999999999 -1.2000000000000002 0.2 0.2 0.21250000000000002 0.0
0.3999999999999999 -1.0 0.2 0.2 0.18125000000000002 0.0
0.3999999999999999 -0.8 0.2 0.2 0.15625 0.0
0.3999999999999999 -0.6000000000000001 0.2 0.2 0.14687499999999998 0.0
0.3999999999999999 -0.3999999999999999 0.2 0.2 0.140625 0.0
0.3999999999999999 -0.19999999999999996 0.2 0.2 0.1375 0.0
0.3999999999999999 0.0 0.2 0.2 0.14375 0.0
0.3999999999999999 0.19999999999999996 0.2 0.2 0.15625 0.0
0.3999999999999999 0.3999999999999999 0.2 0.2 0.175 0.0
0.3999999999999999 0.6000000000000001 0.2 0.2 0.19687500000000002 0.0
0.3999999999999999 0.8000000000000003 0.2 0.2 0.221875 0.0
0.3999999999999999 1.0 0.2 0.2 0.24375000000000002 0.0
0.3999999999999999 1.2000000000000002 0.2 0.2 0.2625 0.0
0.3999999999999999 1.4 0.2 0.2 0.275 0.0
0.6000000000000001 -1.6 0.2 0.2 0.253125 0.0
0.6000000000000001 -1.4000000000000001 0.2 0.2 0.221875 0.0
0.6000000000000001 -1.2000000000000002 0.2 0.2 0.19375000000000003 0.0
0.6000000000000001 -1.0 0.2 0.2 0.171875 0.0
0.6000000000000001 -0.8 0.2 0.2 0.15625 0.0
0.6000000000000001 -0.6000000000000001 0.2 0.2 0.15000000000000002 0.0
0.6000000000000001 -0.3999999999999999 0.2 0.2 0.14375 0.0
0.6000000000000001 -0.19999999999999996 0.2 0.2 0.140625 0.0
0.6000000000000001 0.0 0.2 0.2 0.14375 0.0
0.6000000000000001 0.19999999999999996 0.2 0.2 0.15000000000000002 0.0
0.6000000000000001 0.3999999999999999 0.2 0.2 0.16250000000000003 0.0
0.6000000000000001 0.6000000000000001 0.2 0.2 0.18125000000000002 0.0
0.6000000000000001 0.8000000000000003 0.2 0.2 0.2 0.0
0.6000000000000001 1.0 0.2 0.2 0.22500000000000003 0.0
0.6000000000000001 1.2000000000000002 0.2 0.2 0.246875 0.0
0.6000000000000001 1.4 0.2 0.2 0.2625 0.0
0.8000000000000003 -1.6 0.2 0.2 0.22500000000000003 0.0
0.8000000000000003 -1.4000000000000001 0.2 0.2 0.203125 0.0
0.8000000000000003 -1.2000000000000002 0.2 0.2 0.184375 0.0
0.8000000000000003 -1.0 0.2 0.2 0.175 0.0
0.8000000000000003 -0.8 0.2 0.2 0.16875 0.0
0.8000000000000003 -0.6000000000000001 0.2 0.2 0.16562500000000002 0.0
0.8000000000000003 -0.3999999999999999 0.2 0.2 0.16250000000000003 0.0
0.8000000000000003 -0.19999999999999996 0.2 0.2 0.15625 0.0
0.8000000000000003 0.0 0.2 0.2 0.153125 0.0
0.8000000000000003 0.19999999999999996 0.2 0.2 0.153125 0.0
0.8000000000000003 0.3999999999999999 0.2 0.2 0.159375 0.0
0.8000000000000003 0.6000000000000001 0.2 0.2 0.16875 0.0
0.8000000000000003 0.8000000000000003 0.2 0.2 0.1875 0.0
0.8000000000000003 1.0 0.2 0.2 0.20625 0.0
0.8000000000000003 1.2000000000000002 0.2 0.2 0.23125 0.0
0.8000000000000003 1.4 0.2 0.2 0.253125 0.0
1.0 -1.6 0.2 0.2 0.20625 0.0
1.0 -1.4000000000000001 0.2 0.2 0.19375000000000003 0.0
1.0 -1.2000000000000002 0.2 0.2 0.1875 0.0
1.0 -1.0 0.2 0.2 0.1875 0.0
1.0 -0.8 0.2 0.2 0.190625 0.0
1.0 -0.6000000000000001 0.2 0.2 0.19375000000000003 0.0
1.0 -0.3999999999999999 0.2 0.2 0.1875 0.0
1.0 -0.19999999999999996 0.2 0.2 0.17812500000000003 0.0
1.0 0.0 0.2 0.2 0.16875 0.0
1.0 0.19999999999999996 0.2 0.2 0.16250000000000003 0.0
1.0 0.3999999999999999 0.2 0.2 0.16250000000000003 0.0
1.0 0.6000000000000001 0.2 0.2 0.16875 0.0
1.0 0.8000000000000003 0.2 0.2 0.17812500000000003 0.0
1.0 1.0 0.2 0.2 0.19687500000000002 0.0
1.0 1.2000000000000002 0.2 0.2 0.21875 0.0
1.0 1.4 0.2 0.2 0.246875 0.0
1.2000000000000002 -1.6 0.2 0.2 0.19375000000000003 0.0
1.2000000000000002 -1.4000000000000001 0.2 0.2 0.19687500000000002 0.0
1.2000000000000002 -1.2000000000000002 0.2 0.2 0.203125 0.0
1.2000000000000002 -1.0 0.2 0.2 0.21250000000000002 0.0
1.2000000000000002 -0.8 0.2 0.2 0.221875 0.0
1.2000000000000002 -0.6000000000000001 0.2 0.2 0.22812500000000002 0.0
1.2000000000000002 -0.3999999999999999 0.2 0.2 0.221875 0.0
1.2000000000000002 -0.19999999999999996 0.2 0.2 0.20937500000000003 0.0
1.2000000000000002 0.0 0.2 0.2 0.19375000000000003 0.0
1.2000000000000002 0.19999999999999996 0.2 0.2 0.18125000000000002 0.0
1.2000000000000002 0.3999999999999999 0.2 0.2 0.175 0.0
1.2000000000000002 0.6000000000000001 0.2 0.2 0.175 0.0
1.2000000000000002 0.8000000000000003 0.2 0.2 0.18125000000000002 0.0
1.2000000000000002 1.0 0.2 0.2 0.19687500000000002 0.0
1.2000000000000002 1.2000000000000002 0.2 0.2 0.21875 0.0
1.2000000000000002 1.4 0.2 0.2 0.246875 0.0
1.4 -1.6 0.2 0.2 0.19687500000000002 0.0
1.4 -1.4000000000000001 0.2 0.2 0.20937500000000003 0.0
1.4 -1.2000000000000002 0.2 0.2 0.22500000000000003 0.0
1.4 -1.0 0.2 0.2 0.24375000000000002 0.0
1.4 -0.8 0.2 0.2 0.25625000000000003 0.0
1.4 -0.6000000000000001 0.2 0.2 0.2625 0.0
1.4 -0.3999999999999999 0.2 0.2 0.25625000000000003 0.0
1.4 -0.19999999999999996 0.2 0.2 0.24062500000000003 0.0
1.4 0.0 0.2 0.2 0.22500000000000003 0.0
1.4 0.19999999999999996 0.2 0.2 0.20937500000000003 0.0
1.4 0.3999999999999999 0.2 0.2 0.19687500000000002 0.0
1.4 0.6000000000000001 0.2 0.2 0.19375000000000003 0.0
1.4 0.8000000000000003 0.2 0.2 0.19687500000000002 0.0
1.4 1.0 0.2 0.2 0.21250000000000002 0.0
1.4 1.2000000000000002 0.2 0.2 0.23125 0.0
1.4 1.4 0.2 0.2 0.2625 0.0
-0.74623 0.39198 0.2033 0.1441 0.1441 0.1441 0.0 0 0 1 18.9064
0.74844 0.3377 0.13982000000000003 0.15464 0.15464 0.15464 0.0 0 0 1 84.7521
-1.05566 1.06111 0.172075 0.08165 0.08165 0.08165 0.0 0 0 1 20.49781
-0.80917 0.12562 0.15754000000000004 0.09633 0.09633 0.09633 0.0 0 0 1 31.67473
-1.0729 0.23028 0.190495 0.16849 0.16849 0.16849 0.0 0 0 1 61.30874
0.07871 0.5572 0.20594500000000002 0.14314 0.14314 0.14314 0.0 0 0 1 8.73651
-0.7751 0.49676 0.171005 0.07951 0.07951 0.07951 0.0 0 0 1 6.35694
0.1304 -0.30405 0.16150000000000006 0.16675 0.16675 0.16675 0.0 0 0 1 44.57531
0.66778 -1.36984 0.23181 0.16362 0.16362 0.16362 0.0 0 0 1 9.27401
0.79499 -0.99374 0.14363499999999998 0.13727 0.13727 0.13727 0.0 0 0 1 29.52825
1.20433 -1.05195 0.15983 0.09466 0.09466 0.09466 0.0 0 0 1 82.41092
1.15721 -0.34769 0.173675 0.1036 0.1036 0.1036 0.0 0 0 1 48.67104
0.28095 -1.2648 0.31237499999999996 0.1935 0.1935 0.1935 0.0 0 0 1 80.05971
1.03558 0.60011 0.1119 0.0863 0.0863 0.0863 0.0 0 0 1 30.54637
1.29876 0.64678 0.16893500000000003 0.15037 0.15037 0.15037 0.0 0 0 1 54.94636
0.53284 0.83547 0.24009 0.19268 0.19268 0.19268 0.0 0 0 1 42.44055
-0.81373 -0.35676 0.15700499999999998 0.07651 0.07651 0.07651 0.0 0 0 1 11.07147
-0.80779 -0.87815 0.24848499999999998 0.06572 0.06572 0.06572 0.0 0 0 1 30.69146
1.37299 -0.31191 0.20644500000000002 0.10039 0.10039 0.10039 0.0 0 0 1 22.52749
1.19511 -0.74162 0.216305 0.18886 0.18886 0.18886 0.0 0 0 1 47.35954
1.09081 1.2258 0.15162499999999998 0.06575 0.06575 0.06575 0.0 0 0 1 14.75615
0.81364 0.18557 0.080985 0.05572 0.05572 0.05572 0.0 0 0 1 18.16996
0.7487 1.36418 0.24388 0.16276 0.16276 0.16276 0.0 0 0 1 44.91881
-0.94944 -1.21325 0.3096199999999999 0.08174 0.08174 0.08174 0.0 0 0 1 36.90466
1.15958 1.10618 0.16712999999999997 0.09676 0.09676 0.09676 0.0 0 0 1 56.67176
-0.72657 0.05413 0.16529000000000002 0.11183 0.11183 0.11183 0.0 0 0 1 67.57611
0.04409 -0.37329 0.16564500000000001 0.17504 0.17504 0.17504 0.0 0 0 1 60.72567
0.64335 0.17022 0.14300500000000002 0.17976 0.17976 0.17976 0.0 0 0 1 35.12031
-1.34054 -0.92804 0.285745 0.18399 0.18399 0.18399 0.0 0 0 1 23.04549
-0.6294 -0.80502 0.24790500000000001 0.06456 0.06456 0.06456 0.0 0 0 1 46.90041
1.22901 -0.92593 0.19871999999999998 0.15369 0.15369 0.15369 0.0 0 0 1 61.55396
0.00384 0.31848 0.18307500000000002 0.1474 0.1474 0.1474 0.0 0 0 1 42.21748
1.3771 0.06301 0.15683500000000003 0.06367 0.06367 0.06367 0.0 0 0 1 46.74573
-1.28948 -0.91892 0.24882 0.11014 0.11014 0.11014 0.0 0 0 1 19.22357
1.08992 1.11532 0.13414 0.07453 0.07453 0.07453 0.0 0 0 1 22.84086
-1.36487 0.22733 0.18760000000000002 0.1877 0.1877 0.1877 0.0 0 0 1 9.26535
-0.78148 0.48991 0.207435 0.12112 0.12112 0.12112 0.0 0 0 1 77.4658
-0.51875 -0.3793 0.193595 0.14969 0.14969 0.14969 0.0 0 0 1 69.5692
0.97134 -0.19264 0.13155500000000003 0.10686 0.10686 0.10686 0.0 0 0 1 41.27754
-1.07359 -0.44732 0.22355 0.16585 0.16585 0.16585 0.0 0 0 1 74.84588
0.00899 0.3022 0.16372500000000004 0.1087 0.1087 0.1087 0.0 0 0 1 75.74357
-0.12976 0.96455 0.25129 0.11508 0.11508 0.11508 0.0 0 0 1 55.9393
0.18962 -0.43112 0.15070999999999998 0.16392 0.16392 0.16392 0.0 0 0 1 23.11549
0.06252 -0.68952 0.17326 0.10902 0.10902 0.10902 0.0 0 0 1 87.38043
0.29026 0.94425 0.23355999999999996 0.13587 0.13587 0.13587 0.0 0 0 1 46.44868
0.83511 1.0598 0.18040000000000003 0.1108 0.1108 0.1108 0.0 0 0 1 22.28059
1.12741 0.15446 0.15951500000000005 0.13153 0.13153 0.13153 0.0 0 0 1 49.33931
-0.23273 1.29839 0.28198500000000004 0.15772 0.15772 0.15772 0.0 0 0 1 58.04619
-0.48578 -0.91022 0.26495 0.1049 0.1049 0.1049 0.0 0 0 1 50.88087
-0.83651 0.47289 0.17358500000000002 0.08467 0.08467 0.08467 0.0 0 0 1 70.81212
