-1.6 -1.6 0.2 0.2 0.321875 0.0
-1.6 -1.4000000000000001 0.2 0.2 0.34687500000000004 0.0
-1.6 -1.2000000000000002 0.2 0.2 0.36875 0.0
-1.6 -1.0 0.2 0.2 0.384375 0.0
-1.6 -0.8 0.2 0.2 0.39375000000000004 0.0
-1.6 -0.6000000000000001 0.2 0.2 0.39375000000000004 0.0
-1.6 -0.3999999999999999 0.2 0.2 0.4 0.0
-1.6 -0.19999999999999996 0.2 0.2 0.40625 0.0
-1.6 0.0 0.2 0.2 0.4125 0.0
-1.6 0.19999999999999996 0.2 0.2 0.41875000000000007 0.0
-1.6 0.3999999999999999 0.2 0.2 0.41875000000000007 0.0
-1.6 0.6000000000000001 0.2 0.2 0.4125 0.0
-1.6 0.8000000000000003 0.2 0.2 0.4 0.0
-1.6 1.0 0.2 0.2 0.384375 0.0
-1.6 1.2000000000000002 0.2 0.2 0.36250000000000004 0.0
-1.6 1.4 0.2 0.2 0.34375 0.0
-1.4000000000000001 -1.6 0.2 0.2 0.271875 0.0
-1.4000000000000001 -1.4000000000000001 0.2 0.2 0.303125 0.0
-1.4000000000000001 -1.2000000000000002 0.2 0.2 0.33125000000000004 0.0
-1.4000000000000001 -1.0 0.2 0.2 0.35625000000000007 0.0
-1.4000000000000001 -0.8 0.2 0.2 0.36875 0.0
-1.4000000000000001 -0.6000000000000001 0.2 0.2 0.375 0.0
-1.4000000000000001 -0.3999999999999999 0.2 0.2 0.384375 0.0
-1.4000000000000001 -0.19999999999999996 0.2 0.2 0.396875 0.0
-1.4000000000000001 0.0 0.2 0.2 0.40625 0.0
-1.4000000000000001 0.19999999999999996 0.2 0.2 0.40937500000000004 0.0
-1.4000000000000001 0.3999999999999999 0.2 0.2 0.40937500000000004 0.0
-1.4000000000000001 0.6000000000000001 0.2 0.2 0.40312500000000007 0.0
-1.4000000000000001 0.8000000000000003 0.2 0.2 0.390625 0.0
-1.4000000000000001 1.0 0.2 0.2 0.37187500000000007 0.0
-1.4000000000000001 1.2000000000000002 0.2 0.2 0.353125 0.0
-1.4000000000000001 1.4 0.2 0.2 0.334375 0.0
-1.2000000000000002 -1.6 0.2 0.2 0.22187500000000002 0.0
-1.2000000000000002 -1.4000000000000001 0.2 0.2 0.25312500000000004 0.0
-1.2000000000000002 -1.2000000000000002 0.2 0.2 0.28437500000000004 0.0
-1.2000000000000002 -1.0 0.2 0.2 0.3125 0.0
-1.2000000000000002 -0.8 0.2 0.2 0.334375 0.0
-1.2000000000000002 -0.6000000000000001 0.2 0.2 0.34375 0.0
-1.2000000000000002 -0.3999999999999999 0.2 0.2 0.359375 0.0
-1.2000000000000002 -0.19999999999999996 0.2 0.2 0.37187500000000007 0.0
-1.2000000000000002 0.0 0.2 0.2 0.38125 0.0
-1.2000000000000002 0.19999999999999996 0.2 0.2 0.38750000000000007 0.0
-1.2000000000000002 0.3999999999999999 0.2 0.2 0.38750000000000007 0.0
-1.2000000000000002 0.6000000000000001 0.2 0.2 0.38125 0.0
-1.2000000000000002 0.8000000000000003 0.2 0.2 0.36875 0.0
-1.2000000000000002 1.0 0.2 0.2 0.353125 0.0
-1.2000000000000002 1.2000000000000002 0.2 0.2 0.334375 0.0
-1.2000000000000002 1.4 0.2 0.2 0.31562500000000004 0.0
-1.0 -1.6 0.2 0.2 0.178125 0.0
-1.0 -1.4000000000000001 0.2 0.2 0.20625000000000002 0.0
-1.0 -1.2000000000000002 0.2 0.2 0.23750000000000002 0.0
-1.0 -1.0 0.2 0.2 0.26875000000000004 0.0
-1.0 -0.8 0.2 0.2 0.290625 0.0
-1.0 -0.6000000000000001 0.2 0.2 0.30625 0.0
-1.0 -0.3999999999999999 0.2 0.2 0.321875 0.0
-1.0 -0.19999999999999996 0.2 0.2 0.3375 0.0
-1.0 0.0 0.2 0.2 0.35 0.0
-1.0 0.19999999999999996 0.2 0.2 0.35625000000000007 0.0
-1.0 0.3999999999999999 0.2 0.2 0.35625000000000007 0.0
-1.0 0.6000000000000001 0.2 0.2 0.35 0.0
-1.0 0.8000000000000003 0.2 0.2 0.3375 0.0
-1.0 1.0 0.2 0.2 0.321875 0.0
-1.0 1.2000000000000002 0.2 0.2 0.303125 0.0
-1.0 1.4 0.2 0.2 0.2875 0.0
-0.8 -1.6 0.2 0.2 0.146875 0.0
-0.8 -1.4000000000000001 0.2 0.2 0.16874999999999998 0.0
-0.8 -1.2000000000000002 0.2 0.2 0.196875 0.0
-0.8 -1.0 0.2 0.2 0.225 0.0
-0.8 -0.8 0.2 0.2 0.24999999999999997 0.0
-0.8 -0.6000000000000001 0.2 0.2 0.265625 0.0
-0.8 -0.3999999999999999 0.2 0.2 0.28125 0.0
-0.8 -0.19999999999999996 0.2 0.2 0.30000000000000004 0.0
-0.8 0.0 0.2 0.2 0.3125 0.0
-0.8 0.19999999999999996 0.2 0.2 0.31875 0.0
-0.8 0.3999999999999999 0.2 0.2 0.321875 0.0
-0.8 0.6000000000000001 0.2 0.2 0.31562500000000004 0.0
-0.8 0.8000000000000003 0.2 0.2 0.303125 0.0
-0.8 1.0 0.2 0.2 0.2875 0.0
-0.8 1.2000000000000002 0.2 0.2 0.26875000000000004 0.0
-0.8 1.4 0.2 0.2 0.25312500000000004 0.0
-0.6000000000000001 -1.6 0.2 0.2 0.13125 0.0
-0.6000000000000001 -1.4000000000000001 0.2 0.2 0.146875 0.0
-0.6000000000000001 -1.2000000000000002 0.2 0.2 0.16874999999999998 0.0
-0.6000000000000001 -1.0 0.2 0.2 0.19375 0.0
-0.6000000000000001 -0.8 0.2 0.2 0.21562499999999998 0.0
-0.6000000000000001 -0.6000000000000001 0.2 0.2 0.23124999999999998 0.0
-0.6000000000000001 -0.3999999999999999 0.2 0.2 0.24999999999999997 0.0
-0.6000000000000001 -0.19999999999999996 0.2 0.2 0.265625 0.0
-0.6000000000000001 0.0 0.2 0.2 0.28125 0.0
-0.6000000000000001 0.19999999999999996 0.2 0.2 0.2875 0.0
-0.6000000000000001 0.3999999999999999 0.2 0.2 0.290625 0.0
-0.6000000000000001 0.6000000000000001 0.2 0.2 0.28437500000000004 0.0
-0.6000000000000001 0.8000000000000003 0.2 0.2 0.271875 0.0
-0.6000000000000001 1.0 0.2 0.2 0.25625 0.0
-0.6000000000000001 1.2000000000000002 0.2 0.2 0.23750000000000002 0.0
-0.6000000000000001 1.4 0.2 0.2 0.22187500000000002 0.0
-0.3999999999999999 -1.6 0.2 0.2 0.11875 0.0
-0.3999999999999999 -1.4000000000000001 0.2 0.2 0.12812499999999996 0.0
-0.3999999999999999 -1.2000000000000002 0.2 0.2 0.15 0.0
-0.3999999999999999 -1.0 0.2 0.2 0.17187499999999997 0.0
-0.3999999999999999 -0.8 0.2 0.2 0.19375 0.0
-0.3999999999999999 -0.6000000000000001 0.2 0.2 0.209375 0.0
-0.3999999999999999 -0.3999999999999999 0.2 0.2 0.228125 0.0
-0.3999999999999999 -0.19999999999999996 0.2 0.2 0.24687499999999998 0.0
-0.3999999999999999 0.0 0.2 0.2 0.26249999999999996 0.0
-0.3999999999999999 0.19999999999999996 0.2 0.2 0.271875 0.0
-0.3999999999999999 0.3999999999999999 0.2 0.2 0.271875 0.0
-0.3999999999999999 0.6000000000000001 0.2 0.2 0.26875000000000004 0.0
-0.3999999999999999 0.8000000000000003 0.2 0.2 0.25625 0.0
-0.3999999999999999 1.0 0.2 0.2 0.240625 0.0
-0.3999999999999999 1.2000000000000002 0.2 0.2 0.22187500000000002 0.0
-0.3999999999999999 1.4 0.2 0.2 0.209375 0.0
-0.19999999999999996 -1.6 0.2 0.2 0.10937499999999997 0.0
-0.19999999999999996 -1.4000000000000001 0.2 0.2 0.11875 0.0
-0.19999999999999996 -1.2000000000000002 0.2 0.2 0.13749999999999998 0.0
-0.19999999999999996 -1.0 0.2 0.2 0.15937500000000002 0.0
-0.19999999999999996 -0.8 0.2 0.2 0.18125 0.0
-0.19999999999999996 -0.6000000000000001 0.2 0.2 0.19999999999999998 0.0
-0.19999999999999996 -0.3999999999999999 0.2 0.2 0.22187500000000002 0.0
-0.19999999999999996 -0.19999999999999996 0.2 0.2 0.24375 0.0
-0.19999999999999996 0.0 0.2 0.2 0.25312500000000004 0.0
-0.19999999999999996 0.19999999999999996 0.2 0.2 0.26875000000000004 0.0
-0.19999999999999996 0.3999999999999999 0.2 0.2 0.271875 0.0
-0.19999999999999996 0.6000000000000001 0.2 0.2 0.265625 0.0
-0.19999999999999996 0.8000000000000003 0.2 0.2 0.25625 0.0
-0.19999999999999996 1.0 0.2 0.2 0.240625 0.0
-0.19999999999999996 1.2000000000000002 0.2 0.2 0.22187500000000002 0.0
-0.19999999999999996 1.4 0.2 0.2 0.209375 0.0
0.0 -1.6 0.2 0.2 0.103125 0.0
0.0 -1.4000000000000001 0.2 0.2 0.11249999999999996 0.0
0.0 -1.2000000000000002 0.2 0.2 0.13125 0.0
0.0 -1.0 0.2 0.2 0.15624999999999997 0.0
0.0 -0.8 0.2 0.2 0.18125 0.0
0.0 -0.6000000000000001 0.2 0.2 0.19999999999999998 0.0
0.0 -0.3999999999999999 0.2 0.2 0.22187500000000002 0.0
0.0 -0.19999999999999996 0.2 0.2 0.24687499999999998 0.0
0.0 0.0 0.2 0.2 0.25625 0.0
0.0 0.19999999999999996 0.2 0.2 0.275 0.0
0.0 0.3999999999999999 0.2 0.2 0.27812499999999996 0.0
0.0 0.6000000000000001 0.2 0.2 0.275 0.0
0.0 0.8000000000000003 0.2 0.2 0.26249999999999996 0.0
0.0 1.0 0.2 0.2 0.24999999999999997 0.0
0.0 1.2000000000000002 0.2 0.2 0.23124999999999998 0.0
0.0 1.4 0.2 0.2 0.21874999999999997 0.0
0.19999999999999996 -1.6 0.2 0.2 0.1 0.0
0.19999999999999996 -1.4000000000000001 0.2 0.2 0.11249999999999996 0.0
0.19999999999999996 -1.2000000000000002 0.2 0.2 0.134375 0.0
0.19999999999999996 -1.0 0.2 0.2 0.15937500000000002 0.0
0.19999999999999996 -0.8 0.2 0.2 0.18437499999999998 0.0
0.19999999999999996 -0.6000000000000001 0.2 0.2 0.209375 0.0
0.19999999999999996 -0.3999999999999999 0.2 0.2 0.23437499999999997 0.0
0.19999999999999996 -0.19999999999999996 0.2 0.2 0.25625 0.0
0.19999999999999996 0.0 0.2 0.2 0.27812499999999996 0.0
0.19999999999999996 0.19999999999999996 0.2 0.2 0.290625 0.0
0.19999999999999996 0.3999999999999999 0.2 0.2 0.29374999999999996 0.0
0.19999999999999996 0.6000000000000001 0.2 0.2 0.290625 0.0
0.19999999999999996 0.8000000000000003 0.2 0.2 0.27812499999999996 0.0
0.19999999999999996 1.0 0.2 0.2 0.26249999999999996 0.0
0.19999999999999996 1.2000000000000002 0.2 0.2 0.24687499999999998 0.0
0.19999999999999996 1.4 0.2 0.2 0.23437499999999997 0.0
0.3999999999999999 -1.6 0.2 0.2 0.103125 0.0
0.3999999999999999 -1.4000000000000001 0.2 0.2 0.115625 0.0
0.3999999999999999 -1.2000000000000002 0.2 0.2 0.14062499999999997 0.0
0.3999999999999999 -1.0 0.2 0.2 0.16874999999999998 0.0
0.3999999999999999 -0.8 0.2 0.2 0.196875 0.0
0.3999999999999999 -0.6000000000000001 0.2 0.2 0.22187500000000002 0.0
0.3999999999999999 -0.3999999999999999 0.2 0.2 0.24999999999999997 0.0
0.3999999999999999 -0.19999999999999996 0.2 0.2 0.275 0.0
0.3999999999999999 0.0 0.2 0.2 0.296875 0.0
0.3999999999999999 0.19999999999999996 0.2 0.2 0.30937499999999996 0.0
0.3999999999999999 0.3999999999999999 0.2 0.2 0.3125 0.0
0.3999999999999999 0.6000000000000001 0.2 0.2 0.30937499999999996 0.0
0.3999999999999999 0.8000000000000003 0.2 0.2 0.296875 0.0
0.3999999999999999 1.0 0.2 0.2 0.28125 0.0
0.3999999999999999 1.2000000000000002 0.2 0.2 0.265625 0.0
0.3999999999999999 1.4 0.2 0.2 0.25312500000000004 0.0
0.6000000000000001 -1.6 0.2 0.2 0.10937499999999997 0.0
0.6000000000000001 -1.4000000000000001 0.2 0.2 0.12499999999999997 0.0
0.6000000000000001 -1.2000000000000002 0.2 0.2 0.15 0.0
0.6000000000000001 -1.0 0.2 0.2 0.18125 0.0
0.6000000000000001 -0.8 0.2 0.2 0.2125 0.0
0.6000000000000001 -0.6000000000000001 0.2 0.2 0.240625 0.0
0.6000000000000001 -0.3999999999999999 0.2 0.2 0.26875000000000004 0.0
0.6000000000000001 -0.19999999999999996 0.2 0.2 0.296875 0.0
0.6000000000000001 0.0 0.2 0.2 0.31875 0.0
0.6000000000000001 0.19999999999999996 0.2 0.2 0.33125000000000004 0.0
0.6000000000000001 0.3999999999999999 0.2 0.2 0.334375 0.0
0.6000000000000001 0.6000000000000001 0.2 0.2 0.328125 0.0
0.6000000000000001 0.8000000000000003 0.2 0.2 0.31562500000000004 0.0
0.6000000000000001 1.0 0.2 0.2 0.296875 0.0
0.6000000000000001 1.2000000000000002 0.2 0.2 0.28125 0.0
0.6000000000000001 1.4 0.2 0.2 0.26875000000000004 0.0
0.8000000000000003 -1.6 0.2 0.2 0.115625 0.0
0.8000000000000003 -1.4000000000000001 0.2 0.2 0.134375 0.0
0.8000000000000003 -1.2000000000000002 0.2 0.2 0.1625 0.0
0.8000000000000003 -1.0 0.2 0.2 0.196875 0.0
0.8000000000000003 -0.8 0.2 0.2 0.228125 0.0
0.8000000000000003 -0.6000000000000001 0.2 0.2 0.259375 0.0
0.8000000000000003 -0.3999999999999999 0.2 0.2 0.2875 0.0
0.8000000000000003 -0.19999999999999996 0.2 0.2 0.31562500000000004 0.0
0.8000000000000003 0.0 0.2 0.2 0.3375 0.0
0.8000000000000003 0.19999999999999996 0.2 0.2 0.34687500000000004 0.0
0.8000000000000003 0.3999999999999999 0.2 0.2 0.35 0.0
0.8000000000000003 0.6000000000000001 0.2 0.2 0.34375 0.0
0.8000000000000003 0.8000000000000003 0.2 0.2 0.328125 0.0
0.8000000000000003 1.0 0.2 0.2 0.30937499999999996 0.0
0.8000000000000003 1.2000000000000002 0.2 0.2 0.290625 0.0
0.8000000000000003 1.4 0.2 0.2 0.28125 0.0
1.0 -1.6 0.2 0.2 0.12499999999999997 0.0
1.0 -1.4000000000000001 0.2 0.2 0.14375000000000002 0.0
1.0 -1.2000000000000002 0.2 0.2 0.17187499999999997 0.0
1.0 -1.0 0.2 0.2 0.20625000000000002 0.0
1.0 -0.8 0.2 0.2 0.240625 0.0
1.0 -0.6000000000000001 0.2 0.2 0.271875 0.0
1.0 -0.3999999999999999 0.2 0.2 0.303125 0.0
1.0 -0.19999999999999996 0.2 0.2 0.328125 0.0
1.0 0.0 0.2 0.2 0.35 0.0
1.0 0.19999999999999996 0.2 0.2 0.359375 0.0
1.0 0.3999999999999999 0.2 0.2 0.359375 0.0
1.0 0.6000000000000001 0.2 0.2 0.35 0.0
1.0 0.8000000000000003 0.2 0.2 0.33125000000000004 0.0
1.0 1.0 0.2 0.2 0.3125 0.0
1.0 1.2000000000000002 0.2 0.2 0.29374999999999996 0.0
1.0 1.4 0.2 0.2 0.28125 0.0
1.2000000000000002 -1.6 0.2 0.2 0.134375 0.0
1.2000000000000002 -1.4000000000000001 0.2 0.2 0.15 0.0
1.2000000000000002 -1.2000000000000002 0.2 0.2 0.17500000000000002 0.0
1.2000000000000002 -1.0 0.2 0.2 0.209375 0.0
1.2000000000000002 -0.8 0.2 0.2 0.24375 0.0
1.2000000000000002 -0.6000000000000001 0.2 0.2 0.275 0.0
1.2000000000000002 -0.3999999999999999 0.2 0.2 0.30625 0.0
1.2000000000000002 -0.19999999999999996 0.2 0.2 0.33125000000000004 0.0
1.2000000000000002 0.0 0.2 0.2 0.35 0.0
1.2000000000000002 0.19999999999999996 0.2 0.2 0.359375 0.0
1.2000000000000002 0.3999999999999999 0.2 0.2 0.35625000000000007 0.0
1.2000000000000002 0.6000000000000001 0.2 0.2 0.34375 0.0
1.2000000000000002 0.8000000000000003 0.2 0.2 0.32499999999999996 0.0
1.2000000000000002 1.0 0.2 0.2 0.303125 0.0
1.2000000000000002 1.2000000000000002 0.2 0.2 0.28125 0.0
1.2000000000000002 1.4 0.2 0.2 0.26875000000000004 0.0
1.4 -1.6 0.2 0.2 0.13749999999999998 0.0
1.4 -1.4000000000000001 0.2 0.2 0.15 0.0
1.4 -1.2000000000000002 0.2 0.2 0.16874999999999998 0.0
1.4 -1.0 0.2 0.2 0.19999999999999998 0.0
1.4 -0.8 0.2 0.2 0.23124999999999998 0.0
1.4 -0.6000000000000001 0.2 0.2 0.26249999999999996 0.0
1.4 -0.3999999999999999 0.2 0.2 0.29374999999999996 0.0
1.4 -0.19999999999999996 0.2 0.2 0.31875 0.0
1.4 0.0 0.2 0.2 0.334375 0.0
1.4 0.19999999999999996 0.2 0.2 0.34062499999999996 0.0
1.4 0.3999999999999999 0.2 0.2 0.3375 0.0
1.4 0.6000000000000001 0.2 0.2 0.321875 0.0
1.4 0.8000000000000003 0.2 0.2 0.30000000000000004 0.0
1.4 1.0 0.2 0.2 0.275 0.0
1.4 1.2000000000000002 0.2 0.2 0.25312500000000004 0.0
1.4 1.4 0.2 0.2 0.24375 0.0
-0.5377 1.27812 0.2579600000000001 0.17842 0.17842 0.17842 0.0 0 0 1 49.43008
-0.3878 -0.16027 0.23915 0.14705 0.14705 0.14705 0.0 0 0 1 57.51645
-0.59954 -1.16938 0.154295 0.11484 0.11484 0.11484 0.0 0 0 1 30.14872
-0.39241 1.10728 0.24659499999999998 0.18069 0.18069 0.18069 0.0 0 0 1 66.13518
-0.45174 1.32064 0.24402000000000004 0.15054 0.15054 0.15054 0.0 0 0 1 80.64863
0.08466 0.60379 0.25590500000000005 0.13056 0.13056 0.13056 0.0 0 0 1 33.26325
-1.24285 0.96601 0.36380500000000005 0.14636 0.14636 0.14636 0.0 0 0 1 35.26982
-1.38704 0.1834 0.38408999999999993 0.14318 0.14318 0.14318 0.0 0 0 1 6.7361
1.39698 -0.55951 0.244125 0.13825 0.13825 0.13825 0.0 0 0 1 72.15891
1.0313 1.02785 0.267625 0.11025 0.11025 0.11025 0.0 0 0 1 17.81852
-1.07732 0.5107 0.382015 0.14528 0.14528 0.14528 0.0 0 0 1 51.59931
-0.03837 -0.8732 0.15946999999999997 0.15644 0.15644 0.15644 0.0 0 0 1 25.78584
0.44499 -0.08804 0.24581499999999998 0.09788 0.09788 0.09788 0.0 0 0 1 88.51279
0.71935 0.85733 0.294015 0.13178 0.13178 0.13178 0.0 0 0 1 42.03104
0.01485 0.4013 0.22911499999999993 0.10198 0.10198 0.10198 0.0 0 0 1 48.23654
1.01569 -0.76704 0.19049000000000002 0.09973 0.09973 0.09973 0.0 0 0 1 16.19485
-0.77953 -0.51095 0.25599000000000005 0.09948 0.09948 0.09948 0.0 0 0 1 25.4984
0.08959 -0.71072 0.16029999999999997 0.1206 0.1206 0.1206 0.0 0 0 1 35.20638
0.7997 -0.81364 0.15209999999999999 0.0792 0.0792 0.0792 0.0 0 0 1 8.53374
0.45323 1.13057 0.277605 0.16146 0.16146 0.16146 0.0 0 0 1 49.71427
0.14381 0.83065 0.23273499999999994 0.10922 0.10922 0.10922 0.0 0 0 1 56.15802
0.80053 0.93266 0.32308499999999996 0.18992 0.18992 0.18992 0.0 0 0 1 38.33836
0.6375 0.63376 0.33931999999999995 0.19114 0.19114 0.19114 0.0 0 0 1 8.92622
0.48789 1.38313 0.21624000000000002 0.10123 0.10123 0.10123 0.0 0 0 1 43.10848
0.7293 -0.30534 0.292265 0.19078 0.19078 0.19078 0.0 0 0 1 11.53478
0.82649 -0.46649 0.27780499999999997 0.18061 0.18061 0.18061 0.0 0 0 1 6.81861
0.3802 -0.02517 0.22835499999999995 0.10046 0.10046 0.10046 0.0 0 0 1 82.45912
-0.42818 1.01492 0.188935 0.06537 0.06537 0.06537 0.0 0 0 1 57.01289
-0.24951 0.73769 0.20226500000000006 0.06703 0.06703 0.06703 0.0 0 0 1 61.35296
0.4473 -1.24266 0.10202499999999998 0.1228 0.1228 0.1228 0.0 0 0 1 79.32633
0.69296 0.817 0.29813999999999996 0.14003 0.14003 0.14003 0.0 0 0 1 55.99922
-0.87763 -0.16514 0.36277500000000007 0.1818 0.1818 0.1818 0.0 0 0 1 2.55156
0.93722 -1.043 0.18635 0.17895 0.17895 0.17895 0.0 0 0 1 4.21468
-0.5549 -0.21223 0.239795 0.11709 0.11709 0.11709 0.0 0 0 1 81.52669
-0.97032 -1.1266 0.24761500000000006 0.12648 0.12648 0.12648 0.0 0 0 1 31.33188
-0.90873 0.84556 0.34006000000000003 0.14262 0.14262 0.14262 0.0 0 0 1 44.06214
-0.5845 1.30755 0.24843500000000004 0.15937 0.15937 0.15937 0.0 0 0 1 46.36634
-0.43512 0.94203 0.20329999999999995 0.06285 0.06285 0.06285 0.0 0 0 1 41.99215
0.00703 0.89929 0.19143999999999997 0.05788 0.05788 0.05788 0.0 0 0 1 9.21656
-0.25269 0.89212 0.20232499999999995 0.09215 0.09215 0.09215 0.0 0 0 1 49.84627
1.08287 -0.32716 0.318855 0.18146 0.18146 0.18146 0.0 0 0 1 44.67272
0.52647 -0.19318 0.25195999999999996 0.11017 0.11017 0.11017 0.0 0 0 1 7.32349
1.38372 0.08763 0.29498499999999994 0.08997 0.08997 0.08997 0.0 0 0 1 61.63384
0.42605 1.31007 0.240005 0.14876 0.14876 0.14876 0.0 0 0 1 58.63738
-0.31374 0.53241 0.24587500000000004 0.1105 0.1105 0.1105 0.0 0 0 1 69.10318
0.01911 -0.77682 0.147665 0.13283 0.13283 0.13283 0.0 0 0 1 54.70673
1.22998 0.18652 0.32003000000000004 0.12131 0.12131 0.12131 0.0 0 0 1 87.41988
0.88484 0.17566 0.32328 0.14656 0.14656 0.14656 0.0 0 0 1 31.01984
0.94151 0.78761 0.28010499999999994 0.06021 0.06021 0.06021 0.0 0 0 1 82.26194
-0.81532 -1.18084 0.18082 0.08664 0.08664 0.08664 0.0 0 0 1 42.74474
-0.00588 -0.61498 0.22422999999999998 0.04846 0.04846 0.04846 1000 0 0 1 42.53084
-0.20417 0.35668 0.28328 0.02281 0.02281 0.02281 1000 0 0 1 71.08634
0.39527 0.58316 0.31969499999999995 0.02064 0.02064 0.02064 1000 0 0 1 53.67008
-0.41167 -0.83957 0.210255 0.03301 0.03301 0.03301 1000 0 0 1 77.9896
-0.38652 0.1838 0.28651 0.02927 0.02927 0.02927 1000 0 0 1 77.16122
-0.03298 -0.416 0.24405000000000002 0.04435 0.04435 0.04435 1000 0 0 1 3.9334
0.43399 -0.556 0.24418 0.04461 0.04461 0.04461 1000 0 0 1 10.60873
-0.36912 -0.57817 0.226155 0.03356 0.03356 0.03356 1000 0 0 1 82.96515
0.24149 -0.81453 0.20402499999999998 0.0393 0.0393 0.0393 1000 0 0 1 69.63016
-0.39385 -0.36432 0.243815 0.03138 0.03138 0.03138 1000 0 0 1 22.96996
0.344 0.35452 0.33077 0.03654 0.03654 0.03654 1000 0 0 1 34.70807
-0.62719 0.63128 0.30337500000000006 0.038 0.038 0.038 1000 0 0 1 78.65356
0.20626 -0.60988 0.22101 0.02327 0.02327 0.02327 1000 0 0 1 79.05426
0.58134 -0.83131 0.22766999999999998 0.03034 0.03034 0.03034 1000 0 0 1 88.61539
-0.35754 0.34704 0.290435 0.03712 0.03712 0.03712 1000 0 0 1 50.03908
-0.58618 0.33022 0.30461000000000005 0.02797 0.02797 0.02797 1000 0 0 1 6.3964
-0.65015 -0.02588 0.30183 0.04116 0.04116 0.04116 1000 0 0 1 35.29716
0.41789 0.37961 0.335935 0.04687 0.04687 0.04687 1000 0 0 1 12.73444
0.38865 0.19043 0.33421999999999996 0.04969 0.04969 0.04969 1000 0 0 1 72.23567
-0.36327 -0.43623 0.24452 0.03279 0.03279 0.03279 1000 0 0 1 36.3664
0.55143 -0.84582 0.222595 0.02019 0.02019 0.02019 1000 0 0 1 85.11065
-0.40033 -0.78305 0.217325 0.04715 0.04715 0.04715 1000 0 0 1 54.18092
0.45579 0.25678 0.32653499999999996 0.03432 0.03432 0.03432 1000 0 0 1 36.18863
0.58125 -0.65121 0.25445 0.02765 0.02765 0.02765 1000 0 0 1 18.12212
0.62737 -0.85344 0.23252499999999998 0.04005 0.04005 0.04005 1000 0 0 1 46.25252
-0.38454 -0.01072 0.28148499999999993 0.03797 0.03797 0.03797 1000 0 0 1 38.71301
-0.38055 0.0415 0.28295999999999993 0.04092 0.04092 0.04092 1000 0 0 1 54.21083
0.14862 -0.85881 0.19990999999999998 0.03107 0.03107 0.03107 1000 0 0 1 12.24529
0.38186 -0.77483 0.219265 0.04478 0.04478 0.04478 1000 0 0 1 79.8237
-0.44867 -0.60714 0.23397500000000002 0.0492 0.0492 0.0492 1000 0 0 1 69.56568
0.27116 0.39865 0.30458999999999997 0.02168 0.02168 0.02168 1000 0 0 1 42.40115
-0.43663 0.36729 0.29095 0.03815 0.03815 0.03815 1000 0 0 1 25.74807
-0.63835 0.4477 0.31196500000000005 0.04268 0.04268 0.04268 1000 0 0 1 36.847
0.3865 0.24312 0.32554999999999995 0.03235 0.03235 0.03235 1000 0 0 1 60.29368
-0.04143 -0.55324 0.21105 0.0221 0.0221 0.0221 1000 0 0 1 79.41474
-0.66854 0.57866 0.29469500000000004 0.02064 0.02064 0.02064 1000 0 0 1 42.27365
-0.6601 -0.61184 0.24752999999999997 0.03256 0.03256 0.03256 1000 0 0 1 29.53748
-0.20835 -0.60596 0.21903999999999998 0.03808 0.03808 0.03808 1000 0 0 1 76.58092
-0.81343 -0.37706 0.297075 0.03165 0.03165 0.03165 1000 0 0 1 34.36109
-0.42217 -0.04615 0.27535999999999994 0.02572 0.02572 0.02572 1000 0 0 1 84.07002
0.59121 0.36233 0.34447 0.02019 0.02019 0.02019 1000 0 0 1 34.97135
0.61486 -0.38133 0.27881500000000004 0.02013 0.02013 0.02013 1000 0 0 1 48.38083
0.19712 0.37701 0.31000999999999995 0.03252 0.03252 0.03252 1000 0 0 1 81.39605
-0.58382 0.57634 0.30775 0.04675 0.04675 0.04675 1000 0 0 1 53.4308
-0.33945 -0.05029 0.27436999999999995 0.02374 0.02374 0.02374 1000 0 0 1 33.49517
-0.43295 -0.41171 0.24570999999999998 0.03517 0.03517 0.03517 1000 0 0 1 22.88873
0.57345 -0.46625 0.27978000000000003 0.02206 0.02206 0.02206 1000 0 0 1 60.82814
0.32214 -0.61999 0.23262500000000003 0.0215 0.0215 0.0215 1000 0 0 1 77.80271
-0.43258 0.54843 0.29148500000000005 0.04547 0.04547 0.04547 1000 0 0 1 41.59788
-0.76535 -0.40241 0.3019 0.0413 0.0413 0.0413 1000 0 0 1 58.83772
