-1.6 -1.6 0.2 0.2 0.375 0.0
-1.6 -1.4000000000000001 0.2 0.2 0.35625000000000007 0.0
-1.6 -1.2000000000000002 0.2 0.2 0.328125 0.0
-1.6 -1.0 0.2 0.2 0.30000000000000004 0.0
-1.6 -0.8 0.2 0.2 0.27812500000000007 0.0
-1.6 -0.6000000000000001 0.2 0.2 0.26875000000000004 0.0
-1.6 -0.3999999999999999 0.2 0.2 0.275 0.0
-1.6 -0.19999999999999996 0.2 0.2 0.296875 0.0
-1.6 0.0 0.2 0.2 0.32500000000000007 0.0
-1.6 0.19999999999999996 0.2 0.2 0.35625000000000007 0.0
-1.6 0.3999999999999999 0.2 0.2 0.38750000000000007 0.0
-1.6 0.6000000000000001 0.2 0.2 0.4125 0.0
-1.6 0.8000000000000003 0.2 0.2 0.43125 0.0
-1.6 1.0 0.2 0.2 0.4375 0.0
-1.6 1.2000000000000002 0.2 0.2 0.43125 0.0
-1.6 1.4 0.2 0.2 0.40937500000000004 0.0
-1.4000000000000001 -1.6 0.2 0.2 0.40312499999999996 0.0
-1.4000000000000001 -1.4000000000000001 0.2 0.2 0.384375 0.0
-1.4000000000000001 -1.2000000000000002 0.2 0.2 0.35625000000000007 0.0
-1.4000000000000001 -1.0 0.2 0.2 0.321875 0.0
-1.4000000000000001 -0.8 0.2 0.2 0.29375000000000007 0.0
-1.4000000000000001 -0.6000000000000001 0.2 0.2 0.275 0.0
-1.4000000000000001 -0.3999999999999999 0.2 0.2 0.27812500000000007 0.0
-1.4000000000000001 -0.19999999999999996 0.2 0.2 0.290625 0.0
-1.4000000000000001 0.0 0.2 0.2 0.31562500000000004 0.0
-1.4000000000000001 0.19999999999999996 0.2 0.2 0.34375 0.0
-1.4000000000000001 0.3999999999999999 0.2 0.2 0.36875 0.0
-1.4000000000000001 0.6000000000000001 0.2 0.2 0.39375000000000004 0.0
-1.4000000000000001 0.8000000000000003 0.2 0.2 0.40937500000000004 0.0
-1.4000000000000001 1.0 0.2 0.2 0.415625 0.0
-1.4000000000000001 1.2000000000000002 0.2 0.2 0.40937500000000004 0.0
-1.4000000000000001 1.4 0.2 0.2 0.38750000000000007 0.0
-1.2000000000000002 -1.6 0.2 0.2 0.428125 0.0
-1.2000000000000002 -1.4000000000000001 0.2 0.2 0.40937500000000004 0.0
-1.2000000000000002 -1.2000000000000002 0.2 0.2 0.37812500000000004 0.0
-1.2000000000000002 -1.0 0.2 0.2 0.34062500000000007 0.0
-1.2000000000000002 -0.8 0.2 0.2 0.30625 0.0
-1.2000000000000002 -0.6000000000000001 0.2 0.2 0.28437500000000004 0.0
-1.2000000000000002 -0.3999999999999999 0.2 0.2 0.27812500000000007 0.0
-1.2000000000000002 -0.19999999999999996 0.2 0.2 0.28437500000000004 0.0
-1.2000000000000002 0.0 0.2 0.2 0.303125 0.0
-1.2000000000000002 0.19999999999999996 0.2 0.2 0.32500000000000007 0.0
-1.2000000000000002 0.3999999999999999 0.2 0.2 0.35 0.0
-1.2000000000000002 0.6000000000000001 0.2 0.2 0.36875 0.0
-1.2000000000000002 0.8000000000000003 0.2 0.2 0.384375 0.0
-1.2000000000000002 1.0 0.2 0.2 0.38750000000000007 0.0
-1.2000000000000002 1.2000000000000002 0.2 0.2 0.38125 0.0
-1.2000000000000002 1.4 0.2 0.2 0.35625000000000007 0.0
-1.0 -1.6 0.2 0.2 0.44999999999999996 0.0
-1.0 -1.4000000000000001 0.2 0.2 0.428125 0.0
-1.0 -1.2000000000000002 0.2 0.2 0.396875 0.0
-1.0 -1.0 0.2 0.2 0.353125 0.0
-1.0 -0.8 0.2 0.2 0.31562500000000004 0.0
-1.0 -0.6000000000000001 0.2 0.2 0.2875 0.0
-1.0 -0.3999999999999999 0.2 0.2 0.275 0.0
-1.0 -0.19999999999999996 0.2 0.2 0.27812500000000007 0.0
-1.0 0.0 0.2 0.2 0.290625 0.0
-1.0 0.19999999999999996 0.2 0.2 0.30625 0.0
-1.0 0.3999999999999999 0.2 0.2 0.328125 0.0
-1.0 0.6000000000000001 0.2 0.2 0.34375 0.0
-1.0 0.8000000000000003 0.2 0.2 0.35625000000000007 0.0
-1.0 1.0 0.2 0.2 0.359375 0.0
-1.0 1.2000000000000002 0.2 0.2 0.35 0.0
-1.0 1.4 0.2 0.2 0.32500000000000007 0.0
-0.8 -1.6 0.2 0.2 0.459375 0.0
-0.8 -1.4000000000000001 0.2 0.2 0.4375 0.0
-0.8 -1.2000000000000002 0.2 0.2 0.4 0.0
-0.8 -1.0 0.2 0.2 0.35625000000000007 0.0
-0.8 -0.8 0.2 0.2 0.3125 0.0
-0.8 -0.6000000000000001 0.2 0.2 0.28125 0.0
-0.8 -0.3999999999999999 0.2 0.2 0.265625 0.0
-0.8 -0.19999999999999996 0.2 0.2 0.265625 0.0
-0.8 0.0 0.2 0.2 0.275 0.0
-0.8 0.19999999999999996 0.2 0.2 0.290625 0.0
-0.8 0.3999999999999999 0.2 0.2 0.30937500000000007 0.0
-0.8 0.6000000000000001 0.2 0.2 0.32500000000000007 0.0
-0.8 0.8000000000000003 0.2 0.2 0.334375 0.0
-0.8 1.0 0.2 0.2 0.3375 0.0
-0.8 1.2000000000000002 0.2 0.2 0.328125 0.0
-0.8 1.4 0.2 0.2 0.30000000000000004 0.0
-0.6000000000000001 -1.6 0.2 0.2 0.45625000000000004 0.0
-0.6000000000000001 -1.4000000000000001 0.2 0.2 0.428125 0.0
-0.6000000000000001 -1.2000000000000002 0.2 0.2 0.390625 0.0
-0.6000000000000001 -1.0 0.2 0.2 0.34375 0.0
-0.6000000000000001 -0.8 0.2 0.2 0.296875 0.0
-0.6000000000000001 -0.6000000000000001 0.2 0.2 0.265625 0.0
-0.6000000000000001 -0.3999999999999999 0.2 0.2 0.25312500000000004 0.0
-0.6000000000000001 -0.19999999999999996 0.2 0.2 0.25 0.0
-0.6000000000000001 0.0 0.2 0.2 0.259375 0.0
-0.6000000000000001 0.19999999999999996 0.2 0.2 0.275 0.0
-0.6000000000000001 0.3999999999999999 0.2 0.2 0.290625 0.0
-0.6000000000000001 0.6000000000000001 0.2 0.2 0.30625 0.0
-0.6000000000000001 0.8000000000000003 0.2 0.2 0.31875 0.0
-0.6000000000000001 1.0 0.2 0.2 0.31875 0.0
-0.6000000000000001 1.2000000000000002 0.2 0.2 0.30937500000000007 0.0
-0.6000000000000001 1.4 0.2 0.2 0.28437500000000004 0.0
-0.3999999999999999 -1.6 0.2 0.2 0.446875 0.0
-0.3999999999999999 -1.4000000000000001 0.2 0.2 0.415625 0.0
-0.3999999999999999 -1.2000000000000002 0.2 0.2 0.375 0.0
-0.3999999999999999 -1.0 0.2 0.2 0.328125 0.0
-0.3999999999999999 -0.8 0.2 0.2 0.28437500000000004 0.0
-0.3999999999999999 -0.6000000000000001 0.2 0.2 0.25312500000000004 0.0
-0.3999999999999999 -0.3999999999999999 0.2 0.2 0.23437500000000003 0.0
-0.3999999999999999 -0.19999999999999996 0.2 0.2 0.23125000000000004 0.0
-0.3999999999999999 0.0 0.2 0.2 0.23750000000000002 0.0
-0.3999999999999999 0.19999999999999996 0.2 0.2 0.25 0.0
-0.3999999999999999 0.3999999999999999 0.2 0.2 0.26250000000000007 0.0
-0.3999999999999999 0.6000000000000001 0.2 0.2 0.27812500000000007 0.0
-0.3999999999999999 0.8000000000000003 0.2 0.2 0.290625 0.0
-0.3999999999999999 1.0 0.2 0.2 0.29375000000000007 0.0
-0.3999999999999999 1.2000000000000002 0.2 0.2 0.2875 0.0
-0.3999999999999999 1.4 0.2 0.2 0.265625 0.0
-0.19999999999999996 -1.6 0.2 0.2 0.43125 0.0
-0.19999999999999996 -1.4000000000000001 0.2 0.2 0.40312499999999996 0.0
-0.19999999999999996 -1.2000000000000002 0.2 0.2 0.36250000000000004 0.0
-0.19999999999999996 -1.0 0.2 0.2 0.31875 0.0
-0.19999999999999996 -0.8 0.2 0.2 0.275 0.0
-0.19999999999999996 -0.6000000000000001 0.2 0.2 0.240625 0.0
-0.19999999999999996 -0.3999999999999999 0.2 0.2 0.22187500000000002 0.0
-0.19999999999999996 -0.19999999999999996 0.2 0.2 0.20625000000000002 0.0
-0.19999999999999996 0.0 0.2 0.2 0.20625000000000002 0.0
-0.19999999999999996 0.19999999999999996 0.2 0.2 0.21875000000000003 0.0
-0.19999999999999996 0.3999999999999999 0.2 0.2 0.22812500000000005 0.0
-0.19999999999999996 0.6000000000000001 0.2 0.2 0.24375000000000005 0.0
-0.19999999999999996 0.8000000000000003 0.2 0.2 0.25625 0.0
-0.19999999999999996 1.0 0.2 0.2 0.26250000000000007 0.0
-0.19999999999999996 1.2000000000000002 0.2 0.2 0.259375 0.0
-0.19999999999999996 1.4 0.2 0.2 0.24375000000000005 0.0
0.0 -1.6 0.2 0.2 0.4125 0.0
0.0 -1.4000000000000001 0.2 0.2 0.390625 0.0
0.0 -1.2000000000000002 0.2 0.2 0.353125 0.0
0.0 -1.0 0.2 0.2 0.30937500000000007 0.0
0.0 -0.8 0.2 0.2 0.26875000000000004 0.0
0.0 -0.6000000000000001 0.2 0.2 0.23437500000000003 0.0
0.0 -0.3999999999999999 0.2 0.2 0.209375 0.0
0.0 -0.19999999999999996 0.2 0.2 0.19687500000000005 0.0
0.0 0.0 0.2 0.2 0.19062500000000002 0.0
0.0 0.19999999999999996 0.2 0.2 0.18750000000000003 0.0
0.0 0.3999999999999999 0.2 0.2 0.19375 0.0
0.0 0.6000000000000001 0.2 0.2 0.20625000000000002 0.0
0.0 0.8000000000000003 0.2 0.2 0.21875000000000003 0.0
0.0 1.0 0.2 0.2 0.23125000000000004 0.0
0.0 1.2000000000000002 0.2 0.2 0.23437500000000003 0.0
0.0 1.4 0.2 0.2 0.225 0.0
0.19999999999999996 -1.6 0.2 0.2 0.396875 0.0
0.19999999999999996 -1.4000000000000001 0.2 0.2 0.37812500000000004 0.0
0.19999999999999996 -1.2000000000000002 0.2 0.2 0.34687500000000004 0.0
0.19999999999999996 -1.0 0.2 0.2 0.30625 0.0
0.19999999999999996 -0.8 0.2 0.2 0.265625 0.0
0.19999999999999996 -0.6000000000000001 0.2 0.2 0.23125000000000004 0.0
0.19999999999999996 -0.3999999999999999 0.2 0.2 0.20000000000000004 0.0
0.19999999999999996 -0.19999999999999996 0.2 0.2 0.178125 0.0
0.19999999999999996 0.0 0.2 0.2 0.1625 0.0
0.19999999999999996 0.19999999999999996 0.2 0.2 0.15625000000000003 0.0
0.19999999999999996 0.3999999999999999 0.2 0.2 0.1625 0.0
0.19999999999999996 0.6000000000000001 0.2 0.2 0.17187500000000003 0.0
0.19999999999999996 0.8000000000000003 0.2 0.2 0.18750000000000003 0.0
0.19999999999999996 1.0 0.2 0.2 0.20312500000000003 0.0
0.19999999999999996 1.2000000000000002 0.2 0.2 0.21250000000000005 0.0
0.19999999999999996 1.4 0.2 0.2 0.21250000000000005 0.0
0.3999999999999999 -1.6 0.2 0.2 0.384375 0.0
0.3999999999999999 -1.4000000000000001 0.2 0.2 0.37187500000000007 0.0
0.3999999999999999 -1.2000000000000002 0.2 0.2 0.34375 0.0
0.3999999999999999 -1.0 0.2 0.2 0.30625 0.0
0.3999999999999999 -0.8 0.2 0.2 0.26875000000000004 0.0
0.3999999999999999 -0.6000000000000001 0.2 0.2 0.23125000000000004 0.0
0.3999999999999999 -0.3999999999999999 0.2 0.2 0.19687500000000005 0.0
0.3999999999999999 -0.19999999999999996 0.2 0.2 0.165625 0.0
0.3999999999999999 0.0 0.2 0.2 0.14375000000000002 0.0
0.3999999999999999 0.19999999999999996 0.2 0.2 0.13437500000000002 0.0
0.3999999999999999 0.3999999999999999 0.2 0.2 0.13437500000000002 0.0
0.3999999999999999 0.6000000000000001 0.2 0.2 0.14375000000000002 0.0
0.3999999999999999 0.8000000000000003 0.2 0.2 0.1625 0.0
0.3999999999999999 1.0 0.2 0.2 0.18125 0.0
0.3999999999999999 1.2000000000000002 0.2 0.2 0.20000000000000004 0.0
0.3999999999999999 1.4 0.2 0.2 0.209375 0.0
0.6000000000000001 -1.6 0.2 0.2 0.37812500000000004 0.0
0.6000000000000001 -1.4000000000000001 0.2 0.2 0.36875 0.0
0.6000000000000001 -1.2000000000000002 0.2 0.2 0.34375 0.0
0.6000000000000001 -1.0 0.2 0.2 0.3125 0.0
0.6000000000000001 -0.8 0.2 0.2 0.275 0.0
0.6000000000000001 -0.6000000000000001 0.2 0.2 0.23750000000000002 0.0
0.6000000000000001 -0.3999999999999999 0.2 0.2 0.19687500000000005 0.0
0.6000000000000001 -0.19999999999999996 0.2 0.2 0.15937500000000002 0.0
0.6000000000000001 0.0 0.2 0.2 0.13125 0.0
0.6000000000000001 0.19999999999999996 0.2 0.2 0.115625 0.0
0.6000000000000001 0.3999999999999999 0.2 0.2 0.115625 0.0
0.6000000000000001 0.6000000000000001 0.2 0.2 0.12500000000000003 0.0
0.6000000000000001 0.8000000000000003 0.2 0.2 0.14375000000000002 0.0
0.6000000000000001 1.0 0.2 0.2 0.17187500000000003 0.0
0.6000000000000001 1.2000000000000002 0.2 0.2 0.19687500000000005 0.0
0.6000000000000001 1.4 0.2 0.2 0.21562500000000004 0.0
0.8000000000000003 -1.6 0.2 0.2 0.375 0.0
0.8000000000000003 -1.4000000000000001 0.2 0.2 0.36875 0.0
0.8000000000000003 -1.2000000000000002 0.2 0.2 0.35 0.0
0.8000000000000003 -1.0 0.2 0.2 0.321875 0.0
0.8000000000000003 -0.8 0.2 0.2 0.28437500000000004 0.0
0.8000000000000003 -0.6000000000000001 0.2 0.2 0.24687500000000004 0.0
0.8000000000000003 -0.3999999999999999 0.2 0.2 0.20000000000000004 0.0
0.8000000000000003 -0.19999999999999996 0.2 0.2 0.15937500000000002 0.0
0.8000000000000003 0.0 0.2 0.2 0.12500000000000003 0.0
0.8000000000000003 0.19999999999999996 0.2 0.2 0.10625000000000001 0.0
0.8000000000000003 0.3999999999999999 0.2 0.2 0.10312500000000002 0.0
0.8000000000000003 0.6000000000000001 0.2 0.2 0.11250000000000002 0.0
0.8000000000000003 0.8000000000000003 0.2 0.2 0.1375 0.0
0.8000000000000003 1.0 0.2 0.2 0.16875000000000004 0.0
0.8000000000000003 1.2000000000000002 0.2 0.2 0.20312500000000003 0.0
0.8000000000000003 1.4 0.2 0.2 0.22812500000000005 0.0
1.0 -1.6 0.2 0.2 0.37812500000000004 0.0
1.0 -1.4000000000000001 0.2 0.2 0.375 0.0
1.0 -1.2000000000000002 0.2 0.2 0.35625000000000007 0.0
1.0 -1.0 0.2 0.2 0.33125000000000004 0.0
1.0 -0.8 0.2 0.2 0.296875 0.0
1.0 -0.6000000000000001 0.2 0.2 0.25625 0.0
1.0 -0.3999999999999999 0.2 0.2 0.20625000000000002 0.0
1.0 -0.19999999999999996 0.2 0.2 0.1625 0.0
1.0 0.0 0.2 0.2 0.12500000000000003 0.0
1.0 0.19999999999999996 0.2 0.2 0.10312500000000002 0.0
1.0 0.3999999999999999 0.2 0.2 0.1 0.0
1.0 0.6000000000000001 0.2 0.2 0.11250000000000002 0.0
1.0 0.8000000000000003 0.2 0.2 0.1375 0.0
1.0 1.0 0.2 0.2 0.17500000000000002 0.0
1.0 1.2000000000000002 0.2 0.2 0.21562500000000004 0.0
1.0 1.4 0.2 0.2 0.25 0.0
1.2000000000000002 -1.6 0.2 0.2 0.38750000000000007 0.0
1.2000000000000002 -1.4000000000000001 0.2 0.2 0.38125 0.0
1.2000000000000002 -1.2000000000000002 0.2 0.2 0.365625 0.0
1.2000000000000002 -1.0 0.2 0.2 0.3375 0.0
1.2000000000000002 -0.8 0.2 0.2 0.303125 0.0
1.2000000000000002 -0.6000000000000001 0.2 0.2 0.26250000000000007 0.0
1.2000000000000002 -0.3999999999999999 0.2 0.2 0.21562500000000004 0.0
1.2000000000000002 -0.19999999999999996 0.2 0.2 0.165625 0.0
1.2000000000000002 0.0 0.2 0.2 0.12812500000000002 0.0
1.2000000000000002 0.19999999999999996 0.2 0.2 0.10625000000000001 0.0
1.2000000000000002 0.3999999999999999 0.2 0.2 0.10312500000000002 0.0
1.2000000000000002 0.6000000000000001 0.2 0.2 0.11875000000000002 0.0
1.2000000000000002 0.8000000000000003 0.2 0.2 0.146875 0.0
1.2000000000000002 1.0 0.2 0.2 0.19062500000000002 0.0
1.2000000000000002 1.2000000000000002 0.2 0.2 0.23437500000000003 0.0
1.2000000000000002 1.4 0.2 0.2 0.271875 0.0
1.4 -1.6 0.2 0.2 0.4 0.0
1.4 -1.4000000000000001 0.2 0.2 0.390625 0.0
1.4 -1.2000000000000002 0.2 0.2 0.37187500000000007 0.0
1.4 -1.0 0.2 0.2 0.34375 0.0
1.4 -0.8 0.2 0.2 0.30625 0.0
1.4 -0.6000000000000001 0.2 0.2 0.265625 0.0
1.4 -0.3999999999999999 0.2 0.2 0.21875000000000003 0.0
1.4 -0.19999999999999996 0.2 0.2 0.17187500000000003 0.0
1.4 0.0 0.2 0.2 0.13437500000000002 0.0
1.4 0.19999999999999996 0.2 0.2 0.11250000000000002 0.0
1.4 0.3999999999999999 0.2 0.2 0.11250000000000002 0.0
1.4 0.6000000000000001 0.2 0.2 0.12812500000000002 0.0
1.4 0.8000000000000003 0.2 0.2 0.1625 0.0
1.4 1.0 0.2 0.2 0.20625000000000002 0.0
1.4 1.2000000000000002 0.2 0.2 0.25625 0.0
1.4 1.4 0.2 0.2 0.296875 0.0
-0.62353 -0.2141 0.21257 0.09389 0.09389 0.09389 0.0 0 0 1 13.39561
1.38061 -0.78064 0.27588 0.13926 0.13926 0.13926 0.0 0 0 1 33.99063
-0.22298 -0.85294 0.26863000000000004 0.08101 0.08101 0.08101 0.0 0 0 1 31.18031
0.81409 -0.49829 0.18865 0.08355 0.08355 0.08355 0.0 0 0 1 73.13451
0.50993 0.03645 0.08594500000000002 0.08439 0.08439 0.08439 0.0 0 0 1 87.91235
0.23416 -0.60195 0.24257000000000004 0.14764 0.14764 0.14764 0.0 0 0 1 56.22906
1.01795 0.37694 0.08476 0.15702 0.15702 0.15702 0.0 0 0 1 78.27668
-0.98992 -0.66227 0.30928500000000003 0.18732 0.18732 0.18732 0.0 0 0 1 6.34199
-0.65787 0.24371 0.3056550000000001 0.19256 0.19256 0.19256 0.0 0 0 1 52.39547
-0.48163 1.20815 0.320615 0.18498 0.18498 0.18498 0.0 0 0 1 30.02328
0.50128 -1.14258 0.33267 0.17159 0.17159 0.17159 0.0 0 0 1 60.31082
0.87812 1.2212 0.22597500000000006 0.1957 0.1957 0.1957 0.0 0 0 1 85.68445
-0.45196 1.20942 0.31994 0.18363 0.18363 0.18363 0.0 0 0 1 45.01957
0.05548 0.70762 0.22971500000000003 0.17193 0.17193 0.17193 0.0 0 0 1 77.2027
0.35863 -0.93197 0.29507000000000005 0.17139 0.17139 0.17139 0.0 0 0 1 7.01606
-0.33519 0.98186 0.30423500000000003 0.17097 0.17097 0.17097 0.0 0 0 1 11.76347
-0.23571 0.61616 0.2957000000000001 0.1789 0.1789 0.1789 0.0 0 0 1 12.94641
0.28886 -0.89204 0.29649500000000006 0.17424 0.17424 0.17424 0.0 0 0 1 82.06054
0.50112 0.4521 0.16199 0.19898 0.19898 0.19898 0.0 0 0 1 20.28289
0.9694 0.52703 0.08654500000000001 0.14809 0.14809 0.14809 0.0 0 0 1 45.86264
0.87068 -0.78959 0.24503000000000005 0.12131 0.12131 0.12131 0.0 0 0 1 3.9711
-0.34533 -0.66013 0.27998 0.16621 0.16621 0.16621 0.0 0 0 1 84.80994
-1.17002 -0.40728 0.27483 0.17466 0.17466 0.17466 0.0 0 0 1 44.30936
0.25324 -0.93242 0.25423000000000007 0.08971 0.08971 0.08971 0.0 0 0 1 71.00627
-1.2825 0.90299 0.368005 0.10476 0.10476 0.10476 0.0 0 0 1 24.5602
-1.36003 -1.33862 0.33304 0.09733 0.09733 0.09733 0.0 0 0 1 34.36446
-1.32269 0.37735 0.34536500000000003 0.15323 0.15323 0.15323 0.0 0 0 1 20.66563
0.35889 -1.25142 0.3572000000000001 0.15815 0.15815 0.15815 0.0 0 0 1 30.68136
1.19446 -0.41008 0.20568000000000006 0.08636 0.08636 0.08636 0.0 0 0 1 25.66393
0.49484 0.35851 0.13354500000000002 0.15459 0.15459 0.15459 0.0 0 0 1 13.1186
0.81606 0.05691 0.06982 0.07714 0.07714 0.07714 0.0 0 0 1 74.78259
0.07855 1.14093 0.24448000000000006 0.16396 0.16396 0.16396 0.0 0 0 1 40.23679
1.02349 0.20081 0.10464000000000001 0.19678 0.19678 0.19678 0.0 0 0 1 42.94799
0.61275 -0.89405 0.24568500000000001 0.06637 0.06637 0.06637 0.0 0 0 1 73.63413
-1.17092 0.22828 0.33685999999999994 0.17372 0.17372 0.17372 0.0 0 0 1 9.03558
-1.16725 0.42409 0.32218500000000005 0.10687 0.10687 0.10687 0.0 0 0 1 80.95058
1.3296 0.17572 0.11803500000000003 0.16732 0.16732 0.16732 0.0 0 0 1 49.16718
0.41665 -1.2709 0.3156500000000001 0.07505 0.07505 0.07505 0.0 0 0 1 43.17232
-0.51315 -1.38486 0.39714499999999997 0.11929 0.11929 0.11929 0.0 0 0 1 10.39658
1.11337 0.04701 0.07221000000000002 0.08817 0.08817 0.08817 0.0 0 0 1 88.6255
0.74351 -1.23876 0.3681000000000001 0.19245 0.19245 0.19245 0.0 0 0 1 39.61347
0.69457 -1.27016 0.33988000000000007 0.13601 0.13601 0.13601 0.0 0 0 1 20.72679
1.00836 -0.91291 0.3175800000000001 0.17266 0.17266 0.17266 0.0 0 0 1 15.46226
0.36638 -0.03874 0.11998500000000001 0.08372 0.08372 0.08372 0.0 0 0 1 9.81651
-1.07449 0.11313 0.23200999999999997 0.05777 0.05777 0.05777 0.0 0 0 1 2.10577
-0.68106 -0.51496 0.210585 0.05867 0.05867 0.05867 0.0 0 0 1 80.26143
-1.34476 -0.45015 0.26993500000000004 0.17112 0.17112 0.17112 0.0 0 0 1 62.08629
-0.38335 -1.03399 0.362175 0.1431 0.1431 0.1431 0.0 0 0 1 13.02134
-1.06072 0.48086 0.28224499999999997 0.06449 0.06449 0.06449 0.0 0 0 1 4.77043
-0.07858 -1.13907 0.31496 0.10492 0.10492 0.10492 0.0 0 0 1 32.99903
-0.84846 0.4327 0.33395500000000006 0.04916 0.04916 0.04916 1000 0 0 1 22.41809
-0.59889 -0.34636 0.27503000000000005 0.04381 0.04381 0.04381 1000 0 0 1 72.70463
-0.22832 -0.35852 0.24525500000000003 0.04676 0.04676 0.04676 1000 0 0 1 47.17514
-0.02563 -0.85437 0.2886 0.0397 0.0397 0.0397 1000 0 0 1 42.36195
-0.80796 -0.34706 0.286715 0.04218 0.04218 0.04218 1000 0 0 1 47.96459
-0.61926 0.03477 0.27412000000000003 0.02949 0.02949 0.02949 1000 0 0 1 35.08342
-0.22871 -0.61059 0.25745 0.03365 0.03365 0.03365 1000 0 0 1 56.27345
0.65735 0.04046 0.148905 0.03531 0.03531 0.03531 1000 0 0 1 26.50014
-0.66587 0.56339 0.32267 0.03284 0.03284 0.03284 1000 0 0 1 68.45424
0.03758 0.56755 0.2295 0.0465 0.0465 0.0465 1000 0 0 1 6.46782
-0.02109 -0.39544 0.233565 0.04838 0.04838 0.04838 1000 0 0 1 47.6995
0.64685 -0.3706 0.21770500000000004 0.04166 0.04166 0.04166 1000 0 0 1 58.23238
-0.55208 -0.06962 0.27204 0.02533 0.02533 0.02533 1000 0 0 1 14.44681
-0.41632 -0.76835 0.29957000000000006 0.03039 0.03039 0.03039 1000 0 0 1 73.76629
0.33516 0.58719 0.16024000000000002 0.03298 0.03298 0.03298 1000 0 0 1 46.15217
0.47139 -0.3663 0.21069500000000005 0.02764 0.02764 0.02764 1000 0 0 1 42.41873
-0.37104 0.62637 0.29782500000000006 0.0394 0.0394 0.0394 1000 0 0 1 21.73743
-0.64873 0.66477 0.31918 0.02586 0.02586 0.02586 1000 0 0 1 17.02291
0.37088 0.59856 0.15871000000000002 0.02992 0.02992 0.02992 1000 0 0 1 17.96513
-0.78749 -0.80483 0.324815 0.02463 0.02463 0.02463 1000 0 0 1 14.79532
0.03492 -0.43712 0.22304000000000002 0.02733 0.02733 0.02733 1000 0 0 1 35.74616
-0.74896 -0.81545 0.330575 0.03615 0.03615 0.03615 1000 0 0 1 19.87929
-0.4489 0.61412 0.29347000000000006 0.03069 0.03069 0.03069 1000 0 0 1 68.18352
0.60803 -0.014 0.1436 0.0247 0.0247 0.0247 1000 0 0 1 26.71884
0.62556 -0.6443 0.25525000000000003 0.0355 0.0355 0.0355 1000 0 0 1 9.48997
0.20735 -0.43227 0.22402500000000003 0.04805 0.04805 0.04805 1000 0 0 1 75.96663
-0.8659 -0.45178 0.28246 0.03367 0.03367 0.03367 1000 0 0 1 15.43245
0.37943 0.05694 0.15787500000000002 0.02825 0.02825 0.02825 1000 0 0 1 52.51957
-0.5647 0.47376 0.30213 0.02301 0.02301 0.02301 1000 0 0 1 49.12573
-0.54747 0.38927 0.30901 0.03677 0.03677 0.03677 1000 0 0 1 43.19
0.67587 -0.06082 0.14195 0.0214 0.0214 0.0214 1000 0 0 1 75.63032
-0.41442 -0.81596 0.30248 0.03621 0.03621 0.03621 1000 0 0 1 40.39942
0.41123 -0.18148 0.18142999999999998 0.03161 0.03161 0.03161 1000 0 0 1 75.30654
0.56408 0.15081 0.13800500000000002 0.04476 0.04476 0.04476 1000 0 0 1 59.59733
0.47564 -0.56393 0.24206500000000003 0.02163 0.02163 0.02163 1000 0 0 1 77.0423
-0.55255 -0.77239 0.31787 0.04199 0.04199 0.04199 1000 0 0 1 26.45943
-0.54516 0.44059 0.306375 0.0315 0.0315 0.0315 1000 0 0 1 71.75343
-0.15102 -0.4488 0.23958000000000002 0.03541 0.03541 0.03541 1000 0 0 1 56.19904
-0.14472 -0.53199 0.25617 0.03109 0.03109 0.03109 1000 0 0 1 75.3076
-0.43389 0.18822 0.26007 0.02014 0.02014 0.02014 1000 0 0 1 32.14202
0.44901 -0.41575 0.20992000000000005 0.02609 0.02609 0.02609 1000 0 0 1 87.84122
-0.22376 -0.42586 0.24430000000000002 0.04485 0.04485 0.04485 1000 0 0 1 68.85633
-0.56155 -0.44047 0.27422500000000005 0.0422 0.0422 0.0422 1000 0 0 1 78.45423
-0.44542 -0.45248 0.253545 0.03834 0.03834 0.03834 1000 0 0 1 30.65757
0.13056 0.42488 0.173155 0.02131 0.02131 0.02131 1000 0 0 1 16.9145
0.67478 0.58859 0.13554500000000003 0.02109 0.02109 0.02109 1000 0 0 1 53.02344
0.65761 0.39923 0.128815 0.02638 0.02638 0.02638 1000 0 0 1 12.84935
0.35967 -0.63804 0.24513500000000005 0.02777 0.02777 0.02777 1000 0 0 1 29.11628
-0.39425 -0.37837 0.24780000000000002 0.02685 0.02685 0.02685 1000 0 0 1 43.57001
-0.58983 -0.6126 0.28713500000000003 0.04302 0.04302 0.04302 1000 0 0 1 46.64391
